002739 600519 002594 300059 000538 002304 600637 002415 000333 600340 600485 002252 000651 000776 600276 600030 002736 000063 000858 000625 600518 600837 600104 600111 600887 002024 600705 000895 600585 000166 600048 000069 600015 600036 000001 600115 600016 600023 600886 600018 600000 600050 600019 600010 600795 000725 600028 
002739 300059 600518 600115 002024 600050 600036 600028 600886 000166 000069 600795 600585 600018 000725 600837 600023 600015 000001 600705 600010 600016 002736 600000 000625 600111 600019 600030 600104 600048 600340 000776 600637 002252 000895 000063 600887 000858 600276 000651 002594 002415 000538 000333 600485 600519 002304 
600519 002304 600015 600016 600050 600887 600036 000538 600018 002415 000725 000001 600000 600795 600048 600023 000069 000063 600028 000651 600886 000166 600637 000895 002736 600104 600705 600837 600115 000333 600030 600010 600340 002252 600518 000776 600019 000625 000858 002024 600585 600111 600485 600276 002594 300059 002739 
600519 002739 002304 002594 000538 300059 600637 600485 000333 002415 600340 600276 002252 002736 000776 000063 600030 000651 600837 600705 600518 000858 000625 600111 600104 600585 002024 600887 600048 000166 000895 600015 000069 600036 600023 000001 600019 600000 600016 600886 600018 600050 600010 600795 600115 600028 000725 
002304 600000 600016 600795 600015 600637 600886 600028 000725 600036 600023 600050 600018 600705 000001 000166 600837 600010 000069 002024 002736 600115 300059 600518 600048 600887 000776 000063 600030 600104 600019 600111 600585 000858 000651 000895 000625 000333 000538 002415 600340 002252 600276 600519 600485 002594 002739 
002739 600519 600637 600276 000538 000858 002304 002415 002594 300059 000333 002736 600705 000776 600030 600518 000625 000895 600837 000651 002252 600036 000063 600585 600048 000166 600485 600104 600887 000069 600015 600886 600000 600050 600023 000001 002024 600018 600010 600016 600111 600019 600795 600028 000725 600340 600115 
600519 600485 600276 000895 002415 600637 600019 600111 600010 600036 600585 600705 600795 600115 600104 600050 600015 000858 000725 002024 600016 600018 600028 000001 600886 600518 600023 000063 000069 000625 600048 000651 000538 600837 000166 600887 600030 000776 002736 600340 600000 000333 002304 300059 002594 002252 002739 
002739 002594 600485 000538 300059 600340 002304 600276 600637 002252 600705 600518 002415 000063 000895 000625 002024 600015 000651 600115 600887 000069 600018 000776 600023 600585 600111 600048 600886 600837 000166 600036 000001 600795 600000 000725 600050 600028 600016 600030 600010 000858 002736 000333 600019 600104 600519 
600115 600028 600795 600050 600036 000725 600016 600018 600010 000001 600015 600585 600886 600023 000069 000858 002024 000166 600887 000651 000625 600837 000895 600048 600705 600019 600340 600518 600276 000063 600111 600485 600030 600000 600637 000776 600104 000333 000538 002415 002736 002252 002304 002594 300059 002739 600519 
600519 002739 000538 002594 300059 600637 600276 600340 002304 000333 002415 600485 000651 600030 000858 002736 600111 000063 600585 600048 000895 002024 600705 000625 600115 000776 002252 600036 000069 600887 600000 600015 600018 000001 600050 600023 600518 600837 000166 600028 600019 600795 600010 000725 600104 600886 600016 
000333 600340 002594 600585 600104 000895 600886 600036 000001 600518 600795 002739 002415 600023 600019 002736 600028 600887 000069 000725 600050 600111 600010 600018 600016 600048 000651 000776 000625 600837 600000 000166 600030 600015 600115 000063 002252 600705 600485 002024 002304 000858 600276 600519 600637 000538 300059 
000725 600016 600010 600795 600000 600028 600050 600023 600019 600018 600886 600015 600115 000166 600036 000001 000069 002415 600111 600518 000063 000895 600887 600030 600837 600104 600585 600705 000625 000776 002736 600048 002024 000651 600485 002739 600276 000858 600637 000333 002252 000538 002594 600340 300059 002304 600519 
600519 002739 002304 300059 000538 002415 002594 002252 000333 600104 600340 600637 600000 600585 000895 600048 000651 600887 600019 000625 000858 600030 000776 600518 600015 600036 600705 600837 000001 000069 000166 600050 600111 600028 600010 000725 600886 600276 002736 600016 600018 600795 600023 000063 002024 600115 600485 
002739 600519 300059 600485 002594 600340 600276 000538 002415 600637 000333 002736 000776 600030 600000 002024 600705 600837 000858 000651 002304 000895 600111 600104 000166 600887 600115 600019 600023 600886 600585 000001 600036 000063 000069 002252 600050 600048 600015 000625 600795 600016 600018 600010 600028 000725 600518 
002594 002304 600115 002252 002415 600036 600887 000069 000538 600886 000725 600795 600016 000858 000333 600050 600023 600018 600585 600028 000895 600010 000001 600019 000166 600518 600015 600104 600111 000776 600030 002024 600048 600837 002736 600705 000063 600485 000625 000651 300059 600276 600000 600340 600637 002739 600519 
002739 300059 600340 002594 002024 000166 600050 000001 600115 600015 000625 600010 600104 600886 600000 600016 600887 000063 000725 000069 600795 600023 600519 600018 600028 000776 600518 600705 600030 600837 600048 000333 600585 600019 000651 000895 002736 600637 600036 600111 002415 000858 600485 600276 002252 000538 002304 
002739 002594 600519 300059 000538 600637 600485 002415 002252 600340 002736 000776 600030 000333 000063 600837 600705 002024 600276 600887 600104 000858 600585 000625 600518 000895 600111 000166 000651 600036 600048 600886 600023 000069 600015 000001 600019 600050 600018 600000 600115 000725 600028 600010 600795 600016 002304 
002594 002304 600485 600340 000858 000776 002736 600115 600705 600585 600023 000166 600886 000651 600018 600104 000069 600050 000538 000725 600795 002024 600030 000063 000001 600000 600887 600010 600015 600518 600028 600036 600016 600837 600048 000895 002252 000625 600019 000333 600111 600276 600637 002415 600519 300059 002739 
002739 600519 002594 600485 300059 002304 600637 600111 600276 600705 000063 002252 002415 600585 002736 600115 000776 600048 002024 600036 000858 600340 600010 600019 600886 600023 600518 600030 600837 600018 600015 600050 000001 600887 000651 000166 600795 600000 000725 600104 600028 000538 600016 000069 000895 000625 000333 
600019 600016 600028 000725 600795 600115 600018 000069 600050 600023 002252 600886 600585 600015 600036 600010 000001 600000 600111 002024 600048 000166 000651 000063 600887 600518 000625 600705 600837 600485 000776 002736 000895 600030 000333 600104 600340 600637 000858 600276 002739 002304 300059 000538 002415 002594 600519 
002739 600690 300059 000538 600340 600000 600518 600111 600585 000651 000776 600019 600030 600036 002415 600705 600015 000001 000166 000063 600115 600010 002304 600023 002024 600048 600887 600016 000069 600050 600028 002736 000625 600795 600018 600886 600104 000725 600837 600637 000333 002252 000895 000858 600519 600276 002594 
600690 000895 600016 600019 600028 000725 600795 600010 600018 600886 600050 600036 600023 000001 600015 000858 600115 000166 600887 002024 600104 600000 000333 600585 600276 600111 000069 600705 000625 000063 600030 600518 000776 600048 002736 600837 000651 002252 600340 002415 600637 002304 000538 300059 002594 002739 600519 
600519 600104 000333 000538 600690 002415 600036 600000 600887 000063 600030 002736 000776 600111 000651 600019 600585 600837 000001 600518 600886 600705 600010 600015 600018 600028 600016 002594 300059 000166 002304 000725 600023 000069 600795 600050 000625 002024 600115 000858 600048 002252 000895 600637 600340 600276 002739 
600276 000625 600048 002304 600637 600016 600795 000069 600340 000725 000858 600050 000895 600010 600886 600028 600019 600018 600115 000001 000166 600015 600023 000333 600518 600690 600887 000776 000651 600585 600030 600104 002736 000063 002024 600036 600837 000538 002415 002252 600111 600000 300059 002594 600705 600519 002739 
300059 002594 600519 000858 600276 600340 002736 600030 000776 600837 000625 000538 600111 002415 600705 600104 000651 000166 000063 600690 600887 600050 600886 600048 600023 600010 000069 000001 600016 600015 002739 600036 600018 600585 600795 000725 002024 600028 000895 600019 600637 600115 000333 002252 002304 600518 600000 
600519 002304 000538 000333 000858 300059 600637 002736 000063 600705 600340 600585 000895 000651 600036 600887 600837 600030 600015 600048 600690 000069 000776 000001 000166 600019 600886 600018 002594 600023 000625 600028 002024 600795 600050 000725 600010 600016 600000 600276 600104 002415 600115 600518 002739 600111 002252 
600010 600115 600795 600028 600016 600050 600019 600018 600886 000001 000725 600048 000069 600111 600015 600036 600518 000166 600690 600104 600023 000895 600887 002252 000625 000651 002024 600837 600585 002736 000063 600705 002415 600340 600276 000858 000776 000333 600637 600030 002304 000538 002739 002594 300059 600519 
002739 600519 002252 600276 300059 002304 000858 600518 600023 600016 600115 600111 000625 002415 600048 600795 000166 600010 600028 600886 600690 600050 000069 600019 600015 600837 600705 600036 600018 600104 000725 000776 002736 000651 000001 000538 002024 600030 000333 600637 600887 000063 000895 600340 600585 002594 
002304 002415 002739 000538 600276 600519 002594 002252 000858 600104 002024 600637 000625 000895 300059 600705 600115 000063 600887 600036 000333 000776 600111 600690 600340 600030 000001 600018 600015 000725 002736 000166 600837 000069 600010 600028 600023 600019 600795 000651 600016 600050 600518 600886 600048 600585 
002739 000538 002415 000333 600048 600036 000858 600340 600637 600104 600111 600585 600016 600886 600887 600690 000001 600115 600015 600028 600019 600795 600023 600018 000725 600050 600010 600705 600518 000651 000166 002024 002736 000776 000069 000625 600030 002252 600837 000063 002304 000895 300059 600276 002594 600519 
000725 600795 600028 600016 600018 600023 600010 000069 600115 600886 002252 600050 002024 600690 002594 000166 000001 600104 000063 600036 000895 600015 600705 600887 600048 600019 600837 600518 000625 000333 000776 600030 600585 002736 000858 600340 600637 300059 600111 600276 002739 000538 002304 002415 600519 
002739 300059 000538 600637 002252 002415 600030 600837 000895 600585 002024 000776 000625 000063 600115 600887 600705 600036 600340 000001 002736 000333 600015 600016 600690 600104 600518 000069 000166 600050 600111 600023 000725 600010 600795 600018 600028 600048 600886 600019 000858 002594 600276 002304 600519 
002304 300059 600340 600518 600585 000895 600690 000333 600036 600010 600111 000725 600028 000001 600048 600015 600016 600019 000538 000166 600104 600795 600115 000069 002736 600837 600018 600050 000776 002252 600023 600705 600030 000858 000063 600887 600276 600637 000625 002594 600886 002024 002415 600519 
600519 300059 002304 002594 000538 600637 600340 002415 000333 000776 600276 600030 000063 002736 002252 600518 600111 600705 000858 600585 000625 600837 002024 600887 000895 600104 000166 600048 600690 600036 600886 600115 600023 600015 000069 000001 600018 600050 600019 600016 600010 600795 600028 000725 
600705 300059 000538 600690 600115 600795 000725 600050 600104 000069 600010 600028 600886 000776 002024 600023 600048 002736 000166 000001 600887 600015 000625 600019 000063 600016 600018 000895 600518 600036 600030 600637 600837 600111 600276 000858 000333 600585 600340 002252 002594 002415 002304 600519 
300059 000538 600519 002594 002304 600637 600276 000858 002415 000333 002024 002736 000625 600705 000063 000776 000895 600111 000166 600115 600690 600886 000001 600340 600019 600023 600030 600018 600010 600887 600050 000725 600518 600795 000069 600015 600028 600036 600837 600016 600104 600048 600585 002252 
600276 600016 600018 600795 600115 600050 600028 600019 600104 600010 000725 600015 600036 600023 600886 000001 002252 600637 600518 600887 002024 000538 000625 600705 000069 000166 600111 000063 000858 600048 600585 600837 000895 002736 000776 600340 600690 000333 002594 002415 600030 300059 002304 600519 
000725 600795 600016 600028 600050 600010 600018 600023 600115 000625 600886 600036 600019 600015 600690 000166 000001 002024 600887 600518 600104 600705 000895 600837 000069 600030 002736 002252 600048 000063 002415 000858 600637 600276 600111 000776 600585 300059 000538 000333 600340 002594 002304 600519 
000333 002415 600585 002252 000538 002594 600030 600111 600837 002736 000069 600340 000776 300059 600048 002024 600019 000166 600690 600010 000725 000895 600795 600886 600028 600115 600050 000001 600018 600023 600104 600705 600015 600016 600637 600036 600887 000063 000858 600276 600518 002304 600519 
300059 002252 000063 002024 600705 000776 600048 000069 600010 600115 600019 000725 002736 600795 600886 600030 600023 600050 002594 600690 600028 000166 600837 600111 000001 600018 000895 600340 600015 600887 000333 000538 600585 600016 000858 600104 002415 600276 600036 600637 600518 002304 600519 
600519 002304 600518 600104 600036 600585 600016 600015 600887 600690 600637 002415 600048 600837 600018 000001 600030 600050 600795 600028 600886 600023 000725 000069 600115 000333 000776 000166 002024 600340 600010 000895 000858 600705 002736 600019 600276 002594 000538 002252 600111 300059 
600519 002594 600111 000333 600340 000858 600887 002252 002415 600585 600048 002736 000166 000776 600023 000001 000069 600276 600115 600886 600010 600705 600690 600019 600050 600795 000725 600028 002024 600018 002304 600837 600015 000895 600016 600036 600030 000538 600104 600637 600518 300059 
600519 000538 002594 300059 600111 002415 002252 600887 002736 000776 000069 002024 600340 000895 600019 000858 000166 600010 600048 600030 600705 600886 000001 600023 600028 000333 000725 002304 600837 600018 600585 600050 600115 600795 600690 600016 600637 600015 600036 600518 600104 600276 
600276 600340 300059 600637 600585 600837 600104 002594 600030 600048 002415 000776 600036 600016 002736 600705 600015 600690 000069 002024 600115 600111 000166 600023 600019 600887 600886 002252 600018 600050 600028 600795 600010 000725 000001 600518 000538 000333 000858 600519 000895 002304 
600000 002304 600340 002594 000538 600111 600048 600276 600887 000895 600690 600115 000069 000333 000725 600519 600886 600019 000001 600023 600010 600795 600018 600050 600028 600637 000166 002415 002252 600104 600518 600016 600705 002736 600036 600015 000776 600585 002024 600837 300059 000858 600030 
600519 002304 600518 600104 600000 600016 600036 600015 600018 600795 600028 000858 600050 600010 000725 600019 000001 600886 600023 600115 600690 600276 600837 000069 600030 600887 600048 000166 002024 000895 600705 600111 600340 002736 000333 600585 000776 002252 002415 600637 000538 300059 002594 
002304 300059 002252 000895 600340 600637 002736 600030 000776 002024 600705 600019 000069 000166 600837 600010 000725 600018 600028 600023 600050 600104 600115 600795 600690 600886 000001 600015 000858 000333 600585 600048 600036 600016 600000 002415 600111 600887 600518 000538 002594 600276 600519 
600519 002594 300059 002415 000333 600887 600111 002304 000858 002024 002736 600048 000538 000166 000776 000069 600010 000725 000895 600019 000001 600795 600023 600050 600115 600018 600030 600028 600886 600015 600690 600276 600518 600705 600585 600016 600837 600340 002252 600036 600104 600637 600000 
600000 600518 600016 600104 600036 600585 600015 600795 600028 600690 600018 600019 000725 600048 600023 600050 600010 600886 600115 000001 000069 600887 000895 000166 600340 000858 600111 600837 600637 600276 002024 002252 000538 002736 600030 000776 000333 600705 002415 600519 002304 002594 300059 
600519 600276 002304 600518 600016 600585 600104 600036 600018 600050 600795 600028 000725 600115 600015 600010 600886 600023 600690 600837 600048 000001 600019 600000 600887 000333 600111 000895 000166 000069 600030 002252 600637 600340 000776 000858 002736 002024 000538 002415 600705 002594 300059 
000895 600028 600795 000725 600585 600018 600518 600015 600036 600010 600016 600019 002594 000538 600023 002024 000069 600104 600050 600690 600886 600115 600276 600048 600000 600340 000001 000858 600887 600111 600637 000333 002252 600705 000166 600837 002415 000776 002736 002304 600030 300059 600519 
300059 002252 600837 600030 600276 002736 002415 000776 600340 000538 600111 000166 002304 600887 600048 000069 600705 600690 600019 600637 600115 600104 000001 600023 600010 600050 000725 600018 600028 600036 600795 600518 600585 600016 600015 600886 002024 000858 000895 600000 000333 002594 600519 
002594 002252 000333 600518 000858 600048 600015 600886 600016 600690 600000 000001 600115 600036 600795 600018 600104 600637 600028 000725 600276 600023 600019 000069 600050 600837 600010 000538 002415 600887 002024 000895 000166 002304 002736 600705 600340 600111 600030 600585 000776 600519 300059 
300059 000538 002252 600030 002415 002594 002736 000776 600837 600111 600585 600705 600637 600000 600887 002024 000166 600518 600690 002304 600104 000001 000895 600048 600886 600015 000069 600023 600028 600019 600050 600010 600018 600115 600036 600016 600795 000725 600276 600340 000858 000333 600519 
300059 002415 600585 600340 600050 600690 600019 600010 600028 600016 600795 000895 600000 600111 600036 600023 600015 600018 600887 600048 000001 000725 600030 600115 600886 000069 000166 600276 002024 600705 600518 000776 600104 600837 002736 002594 000333 000858 002252 000538 002304 600637 600519 
600340 000333 300059 600637 600276 600030 002252 600837 600104 600000 600036 002024 600048 002736 000166 600585 000776 600016 600705 000001 000069 600886 600111 600887 600015 002415 600023 000725 600050 600690 600019 600010 600795 600028 600115 600018 600518 000538 000895 000858 002594 002304 600519 
002304 600519 600637 002594 000538 002415 000333 600518 600340 600705 600104 600276 300059 002024 600048 002736 600887 000069 000776 600115 600111 600837 600018 600023 600690 600015 000858 600050 600019 600036 002252 000166 000001 000725 600795 600010 600028 600000 600016 600886 600030 600585 000895 
600795 000725 600010 600018 600050 000858 600023 600019 600115 600690 600015 600028 000069 600016 600886 000895 600048 000166 000001 600111 600837 600887 002024 002252 600000 600518 600036 002736 000333 600104 600705 600030 600519 600340 600276 000776 600637 600585 002415 002304 000538 002594 300059 
600519 300059 002304 002252 002415 600637 600036 600048 002024 600276 600111 600690 000001 600518 600115 600016 600010 000725 600015 600705 000895 600019 000858 600795 000166 002594 600886 000776 600028 600050 000069 600023 600000 600837 002736 600030 600340 600887 600104 000538 000333 600018 600585 000625 
600519 300059 002304 002594 000538 000625 002415 000333 002252 002024 002736 600018 000776 000858 600705 600030 600887 000069 000166 600886 600518 600023 600795 000895 000725 000001 600048 600115 600340 600010 600019 600015 600585 600690 600837 600016 600028 600050 600036 600000 600111 600104 600276 600637 
600585 600018 600104 600028 600016 600000 600050 600015 600010 600690 000001 000725 600795 600019 600036 600115 000858 600886 600023 002252 000069 600518 600111 600837 000166 600048 600637 000333 600887 600030 000895 002736 000776 600276 002024 600705 600519 002304 600340 000625 002594 000538 002415 300059 
002594 300059 600637 600276 600000 000895 600016 600111 600030 600036 600115 600585 600018 002736 600886 600019 600050 600887 000776 000166 600837 600690 000069 002415 000333 600010 600795 600015 002252 000725 600023 600048 600104 000001 000625 600028 002024 600518 600340 600705 000538 000858 002304 600519 
002304 600519 300059 002594 000895 000858 002415 000333 600340 600030 600637 600705 000776 600518 002736 002024 600585 600000 600837 600111 600887 600104 600036 000166 000001 600886 000538 000069 600018 600048 600050 600015 600690 002252 600016 600115 600028 000725 600023 600795 600010 600019 600276 000063 000625 
600519 002304 000538 000063 000858 002252 000625 600030 600276 000776 600637 300059 600518 002736 600705 600111 600690 600048 600340 000895 600886 000069 000166 600887 600000 600028 000333 600837 600050 600023 600115 600010 002415 600795 600585 600018 000725 000001 600104 600016 600015 600036 600019 002024 002594 
600519 600276 000895 000858 600016 600795 600115 000725 600018 600886 600000 600028 600050 002024 600010 600015 002252 000069 600023 002594 600690 600048 000063 600036 000001 600887 000166 600104 600837 002304 600518 600019 000538 600705 002415 000333 600637 600111 600030 002736 000776 600340 600585 000625 300059 
002415 002252 000063 600637 600518 002736 002024 000625 000776 600048 000166 600887 600115 600705 600690 600111 600030 600023 000001 600000 000858 600015 600018 000069 000725 600050 600104 600010 600795 600036 600340 600886 600028 600016 000538 600019 000333 000895 002594 600837 600585 002304 600519 300059 
600519 600340 600019 000625 600104 600690 000725 600887 600795 600050 600018 600115 600015 600016 002024 600518 600023 000069 600276 600000 600886 600028 000001 002304 600010 600048 000858 600036 000166 000333 002252 600705 600837 000063 000895 000538 600637 002736 600585 600030 600111 002594 000776 002415 300059 
000625 002252 600111 600010 600028 600036 600795 600016 002024 600018 000725 000166 600886 600015 600340 600023 600690 600050 000001 002736 600019 600837 000069 002415 600000 600705 600048 600276 600637 600887 600115 600518 600030 000063 002594 600104 000776 600585 000538 000333 000858 000895 600519 300059 002304 
300059 002304 002594 600637 600585 000538 002252 000776 600019 002736 600518 600104 600705 600030 000063 000166 600023 600050 600018 600887 600886 600010 600690 600028 000725 600795 000069 600115 600048 000895 600340 000333 600015 000001 600837 000858 600000 600016 002024 600111 002415 000625 600276 600036 600519 
300059 600519 000538 002304 000858 600637 000776 600030 002415 600340 600705 600111 000333 000063 002736 600104 002024 600585 000166 600048 600886 600887 600028 000001 600015 000069 600690 600518 600023 600000 600018 600050 600795 600837 600019 000725 600010 600016 600115 002252 000895 600036 000625 600276 002594 
600519 002304 600276 000858 002415 000625 002252 000895 002736 600886 600050 300059 000063 600518 002024 600023 600015 600048 000725 600016 600795 000069 600028 600585 600018 000166 600690 000001 600010 600036 600019 600104 600340 600030 600705 600637 600000 600837 600887 000776 000333 600115 000538 600111 002594 
600519 002594 300059 000538 000333 600637 002024 000625 600340 002736 000776 000063 002415 600705 000858 000166 600887 000001 600030 600690 000069 000895 600886 600023 600050 600048 000725 600018 600585 600028 600518 600795 600019 600104 600015 600010 600000 600276 600016 002304 600837 600036 600115 600111 002252 
600276 002252 300059 600637 600340 600518 600585 600030 600705 000538 600104 000625 002024 002736 000333 600048 000776 600690 000166 600886 600018 600015 600887 600023 600050 600795 600016 000725 000001 000069 000063 600019 000895 000858 600837 600028 600010 600000 002415 600111 600036 002304 002594 600519 
600585 600111 600115 002594 600019 600010 600050 600795 600028 600018 600690 000725 600015 600023 000166 600886 000001 002252 600837 000063 002024 000069 002736 600016 600518 600887 600000 600276 600048 600705 600030 000538 600036 600340 000625 000776 600637 600104 000858 002415 300059 000895 000333 002304 600519 
600519 002594 000538 600000 600276 000776 600030 600637 600518 600340 600585 600111 600115 600705 000069 600048 002252 600015 000166 600050 000001 600018 600010 600690 600023 600028 600795 600887 600886 600036 000725 600016 002415 000625 002736 600837 600019 000063 600104 002024 000858 000333 002304 000895 
600519 000895 002415 002304 600690 600111 000725 600019 600795 600886 002024 600018 600050 600036 600010 600887 600837 600016 000069 600028 600023 000625 600104 600000 600015 600115 000063 600048 000001 000166 600030 600637 600585 002252 002736 000776 000858 000333 600705 000538 600518 600276 002594 600340 
600637 000333 600111 600030 002415 000776 600104 002024 600705 600585 000063 000625 002736 600837 600019 600016 600000 600010 600518 600115 000069 600036 600018 600690 000001 002252 000538 000725 000895 600795 600276 600023 600050 600886 600048 600028 600015 000166 600887 002594 002304 000858 600340 600519 
002304 600276 600637 002594 000895 600837 002415 000333 000858 600340 002736 600019 600048 600030 000625 600111 000069 600705 000776 600104 600018 600010 600795 600050 600016 000725 600023 600036 600518 600028 000063 000166 600585 600000 600115 600886 002252 002024 000001 600015 600690 600887 000538 600519 
600036 600637 600705 000001 600015 600276 600016 600030 600000 600115 600028 600518 600048 002736 000166 600050 000776 600340 600018 000725 600019 600795 600010 600023 600837 000069 002024 600886 002252 002415 000895 600104 600111 000063 600585 600690 000538 600887 000625 002304 000858 000333 002594 600519 
600036 600028 000625 600795 000725 600010 600585 600019 600886 600050 600016 600340 600015 000001 600837 600023 600018 002252 600115 000069 600048 000166 600104 002024 600000 600887 600030 000063 600690 002736 600111 600518 000776 002594 600705 600637 002415 000895 600276 300059 000538 000333 000858 002304 600519 
600519 002304 000333 002594 600585 300059 000895 000858 600340 600111 600887 000625 000063 002736 002024 600030 600104 000776 000166 600690 600837 600036 600000 600010 600705 600019 600886 600028 600023 600795 600018 600016 600050 600276 000069 000725 600048 600518 000001 600015 600637 000538 002252 002415 600115 
000625 000538 600104 000858 600276 002594 600837 600019 600015 600036 600016 000725 600028 000166 600000 002024 600886 600023 000001 600705 000069 600050 600010 600518 600690 600795 600030 600018 000333 000776 002736 002252 600637 600585 600048 000063 000895 300059 600887 002304 600111 600115 002415 600340 600519 
600519 002304 002594 000538 300059 002415 000858 000895 600340 000333 600276 600030 000063 002736 600705 000776 000625 600585 600111 002024 600518 600887 600104 600690 600000 002252 600036 600837 000166 600637 000001 600015 000069 600048 600023 600019 600018 600886 600016 600050 600028 600010 600795 600115 000725 
002594 600519 600111 300059 600637 000538 600585 002736 600276 000776 600518 600705 600340 002415 600030 000063 002024 000625 600019 600000 000166 600048 600010 000001 600023 600837 600886 600018 000069 600050 600015 600028 600104 000725 600690 600795 600016 000858 600115 600036 000333 600887 002252 000895 002304 
000538 002304 600340 002594 600036 600637 600111 600585 600837 600115 002736 000001 600705 600276 600030 600000 600048 600023 000725 000166 000069 600050 600028 600795 600010 600015 600019 600016 002252 002024 600886 000776 000063 300059 600518 600018 600104 000625 002415 000895 600690 000858 600887 000333 600519 
300059 002594 600705 600340 002736 002024 000776 600837 600637 000166 600000 600030 000063 600010 002252 000725 600028 600795 600023 000069 600050 600019 600016 600048 600015 600018 600111 600104 000001 000625 600036 600887 600585 600886 600518 002415 600115 600690 000858 000895 000333 600276 002304 000538 600519 
600519 600637 600276 000858 000895 600887 002024 002252 000333 000069 600015 600690 600000 600028 000725 600050 600016 600115 600104 000001 600518 300059 600019 600340 600030 600010 600048 600795 600018 000625 600023 000063 000166 600705 600585 600837 000776 600886 002736 600036 600111 000538 002415 002304 002594 
600519 002304 000333 002594 002415 600104 600585 600111 300059 600887 000858 600115 600030 600000 000538 000625 600705 600518 600886 000776 000063 600637 002736 600276 600690 600837 600016 600018 600023 600015 600340 600010 000069 000001 600795 600050 600019 000725 000166 600048 600028 002024 000895 600036 002252 
600340 600837 600036 000858 600886 600019 000625 000895 600585 600795 600016 600015 000001 000725 000069 000166 002252 600028 600023 600050 600115 000063 600010 600000 600048 600104 600690 002736 600637 000776 600018 600030 600518 600276 002024 000333 002304 600887 600111 300059 600705 600519 000538 002415 002594 
600519 002304 000538 000858 000333 600340 600690 600518 600115 002594 002415 600637 002252 600887 000625 000063 600016 600886 600048 000001 600015 600000 000069 600795 000166 600036 600050 600837 600705 000725 600018 600023 600030 000776 002736 600104 002024 600010 600585 600019 600028 000895 600111 600276 300059 
600519 002594 300059 002415 000895 600111 600887 600637 600276 000625 600518 000858 000063 002252 600019 600048 600115 600010 000776 002736 600104 600705 600023 600028 600886 600050 600795 002024 600585 600018 000725 000001 000166 600030 600016 600690 600015 002304 000069 600340 600000 600036 600837 000538 
000538 600485 002304 600276 000895 600000 002415 000858 000063 600518 600016 600837 600048 600340 600015 000776 000069 600030 000625 600585 000001 002736 002252 000166 600690 600028 600104 600023 600036 600050 600115 600795 600886 002594 002024 600705 000725 600018 600019 600887 600010 300059 600637 600111 600519 
600485 600276 600111 600010 600018 000725 600016 600050 600104 600795 600115 600023 600028 600019 000069 002024 002252 600518 000063 002415 600886 000001 000895 600015 000166 000625 600036 600048 600637 000538 600000 600837 600705 000776 600585 002736 600030 600887 600340 600690 000858 002594 300059 002304 600519 
600276 000538 600036 600016 600104 600690 002252 000001 600010 600048 600637 000166 600028 000776 600015 600886 600795 600019 300059 000725 002736 000069 000625 600518 600111 600585 600023 002024 600050 600030 600887 600018 000063 600000 002415 600705 600837 600115 002304 002594 000895 000858 600485 600340 600519 
600519 002304 600485 600637 000858 300059 000895 600111 002736 600030 002594 600036 600016 600887 600705 000063 000776 600690 002024 600340 002252 000166 000001 000069 600886 600015 600019 600115 600010 600023 600018 600050 000725 600028 600276 000625 600795 600837 600000 600104 600585 000538 002415 600518 
600276 000858 600111 000538 600340 000895 002304 600115 600485 600887 002415 600690 000625 002594 600048 600519 300059 600018 600837 600705 600010 600637 600023 600886 000166 000069 600050 000725 600795 600518 600019 600104 000001 600030 600028 600015 002736 002252 000776 000063 600000 002024 600016 600036 600585 
002594 600637 002304 600115 002252 600585 002415 600485 600048 600276 000538 600705 000625 000858 000069 600104 000895 600887 002736 600795 600018 000001 000063 002024 600886 600518 600019 600015 600050 600023 000166 000725 600030 600000 600690 000776 600028 600016 600010 600837 600036 300059 600340 600111 600519 
002594 600340 300059 600276 600519 600111 600837 002415 002252 600030 002024 000625 000166 600036 600886 600010 000858 600028 600485 600015 600705 600023 600050 600795 600104 600018 600048 000063 600016 000069 600637 000776 600585 600019 600887 600000 000538 600115 000725 000001 600518 600690 000895 002736 002304 
600340 000538 300059 600690 600115 002304 600637 600887 000625 600485 000858 002024 000725 600048 600019 000069 002736 002415 600795 600705 600023 600010 000063 600886 600585 600518 000001 600028 600050 000776 600015 600016 600018 000166 002252 002594 600030 600276 600837 600104 600036 600000 000895 600111 600519 
000725 600795 600028 600019 600050 600018 600016 600023 600036 600886 600010 600115 000069 600015 000001 600048 600000 600104 600690 600585 600887 002252 000625 000063 000895 000166 600518 002024 002415 600705 600340 600837 600276 600637 002736 000776 600030 600485 000858 600111 000538 002304 002594 300059 600519 
600519 002736 000776 600837 000538 600030 600276 600585 600036 000166 600111 600016 000625 000858 600000 002252 000895 600705 600340 600104 000001 600887 000063 600010 002594 600048 000069 600018 600019 600050 600690 600115 600795 600886 600023 600015 000725 300059 600028 002415 600485 002024 600518 000333 002304 
000333 002415 600000 600276 002304 600036 002024 002252 600585 000625 600837 600886 000001 600015 600050 600016 600019 600018 600795 600028 600010 600023 600104 600048 000069 600030 000166 000725 600340 000063 000776 600518 002736 000895 600111 600115 600690 002594 600887 600485 000538 300059 600705 000858 600519 
300104 600485 600111 600837 600705 600340 600115 600518 002252 000725 600010 600585 600028 600000 600015 600019 600050 600795 600018 600016 000166 600030 000069 600023 000001 600036 600048 002736 600690 002594 600886 000776 000625 000063 600104 002415 000895 600637 000333 002024 300059 600887 000858 600276 000538 002304 600519 
600519 300104 000538 600518 002415 000858 002736 600030 600485 600104 000776 600036 600887 002252 600111 600705 600276 600690 000166 600585 600018 600837 600015 600010 600886 000069 600048 000625 000725 600028 600050 300059 600795 000001 600019 600000 600023 600016 000063 002594 600115 000895 002024 600637 600340 002304 000333 002739 
002739 000333 002024 300059 000625 000063 300104 600111 600637 600340 600104 600276 002415 600019 600050 600115 600690 600023 600886 600016 000725 600795 000069 002252 600000 600015 600018 000166 600705 600048 000001 600028 600837 600518 600030 600010 600585 002736 000776 600485 000895 600036 000858 600887 000538 002304 002594 600519 
600519 002739 002304 002594 600111 000858 300104 000333 000895 300059 600637 002024 002415 600887 000538 600030 002252 000776 600705 600690 600115 600010 600518 600585 600000 600048 600036 600050 000001 600023 600019 600018 000625 600104 600837 600015 000069 000725 000166 600016 000063 600795 600886 600028 600276 002736 600340 600485 
600519 002739 300104 002594 000538 300059 002304 600637 600485 600340 600030 000776 000858 600705 000063 600276 600837 600111 600585 002415 002024 600887 600036 000333 000895 000166 600048 600690 600104 000625 002736 000069 600000 000001 600115 600015 600028 600018 600019 600886 600010 002252 600050 600023 000725 600795 600016 600518 
002739 300104 002594 600637 600585 600276 000625 600886 600485 600518 600048 000725 600340 600028 600000 600795 000069 600010 600019 600690 600050 000063 600018 000166 600015 600023 002024 000776 600036 300059 000001 600016 600705 600030 600837 600115 002252 600104 000895 600111 000538 600887 000333 002415 000858 002736 002304 600519 
600000 600015 600036 600016 600050 600028 600795 600019 002252 000001 000725 600837 600010 600886 600023 600018 000069 600048 600518 000166 600690 600585 600887 600104 600115 000333 000895 002024 600030 002736 000776 000063 600276 000625 002415 600637 600705 600111 600485 000538 600340 300059 000858 002739 002304 002594 300104 600519 
600519 002739 300104 000538 600340 300059 600637 000333 000895 002736 000776 600030 002415 600104 600111 002024 000858 600690 000063 002252 000625 600585 600115 000166 600518 600018 600019 000069 600886 600048 600015 600010 600028 600705 600837 600050 000725 600016 600795 002304 000001 600036 600485 600887 600000 600023 002594 600276 
002594 600000 600015 600018 600050 000625 600028 000001 600518 000725 002024 600023 600019 600795 600010 600690 600030 600104 000166 000069 600886 600016 600887 000333 600837 600637 600111 600036 600115 002252 600048 600340 000776 600585 300059 002736 002415 002739 000538 600276 000063 000895 600705 600485 300104 000858 002304 600519 
600519 002304 002739 000858 600485 600111 600276 600340 300059 000895 002252 000625 000063 600115 600016 002024 600690 600795 600010 600030 600018 600023 600518 600050 600019 600028 600837 600036 600887 000725 000166 600886 000001 600015 600705 000069 600000 600104 600585 000776 002415 600048 600637 000538 002594 002736 000333 300104 
300104 600519 002304 600485 000538 000858 000895 600637 000333 002594 600518 002415 000063 002024 600690 600000 600115 600048 600111 000069 600705 600010 600019 000725 600050 600887 600886 600018 600028 600104 600795 000001 600023 600015 002739 600276 600036 600016 000625 600340 000166 600837 600585 000776 300059 600030 002736 002252 
002252 600036 600115 600016 600795 600050 000895 600887 600010 600023 600585 600518 000725 600019 600015 600018 600028 000069 002024 600690 000166 600705 600104 600048 600000 600886 000001 002304 600637 002415 000625 600837 000063 600111 002739 000858 600030 600340 000333 600485 000776 600276 300104 300059 002736 000538 002594 600519 
600519 002739 002304 002594 600111 000538 000333 002736 600036 000895 600340 300059 600887 600485 002252 002024 600104 002415 600637 600048 600115 600023 600030 300104 000776 600000 600690 000001 600886 600015 000166 600585 600018 600019 000725 600028 600518 000069 600010 000858 600795 600705 600016 600050 600837 000625 600276 000063 
600519 002739 002594 002304 000858 300104 000538 600637 600276 002736 600000 000895 600837 600485 600340 300059 600111 600887 000063 600518 600030 600705 000776 600585 000625 600104 600690 002415 002024 000166 600886 600115 600015 000001 600023 600016 600019 000069 600028 600018 600010 600795 600050 600036 000725 600048 000333 002252 
002252 600795 000725 600016 600050 600036 600028 600023 600000 600886 000001 600018 600015 000069 600010 600115 000166 600705 600585 600104 600048 600518 000625 002024 600690 600340 002415 600111 600030 600837 600637 000895 600485 000776 600887 002736 000063 002594 300059 000333 300104 600276 000858 002739 000538 002304 600519 
002304 000895 000333 600104 000625 600115 600016 600048 600000 600886 600015 600010 600690 600585 000069 600795 600028 600050 600036 600023 600887 000725 600340 002415 000001 000858 002024 600018 600111 600837 000166 600705 600518 600276 000063 600030 300059 000776 002736 600485 600637 600519 002594 002252 000538 300104 002739 
002304 002252 000895 600276 300104 300059 000063 000858 000538 000776 002736 600030 600519 600340 600048 600115 000725 600050 600795 000069 000166 000333 000625 600023 600018 600690 002024 600028 600015 600010 000001 600886 002739 600518 600837 600104 002594 600637 002415 600705 600036 600887 600485 600111 600585 600000 600016 
002304 600111 002736 600016 600276 600705 600115 600015 600485 600837 600010 000069 600023 600018 000725 600795 600050 600886 000001 000063 600028 600690 600036 002024 600030 600000 600518 000776 600048 002415 600340 600104 000538 000166 000625 002252 600887 600585 000895 300059 600637 000858 000333 002594 600519 300104 002739 
002739 300104 000538 002304 300059 600637 000776 000858 000063 002736 002024 600585 600030 600048 600115 000625 600023 600028 000166 600010 600837 600111 600518 600795 600018 000725 600016 600050 000001 600886 600015 600705 600690 000069 600104 600485 600036 600340 600276 600887 000895 002252 600000 000333 002594 600519 002415 
000002 002739 300104 600000 000725 600010 600887 600050 600795 002594 600028 600518 600115 600018 600016 600036 600023 000001 000858 600705 600886 600015 002252 002024 000895 000069 000063 600690 002736 000166 600048 600637 000333 600340 600111 000625 600837 600030 600485 000776 600585 600276 000538 002304 600104 300059 002415 600519 
000002 002594 000333 002415 002252 600276 002739 000895 600036 600000 300059 002736 600518 600485 600016 000063 600637 600015 600030 600104 600886 600837 600018 000001 000725 000625 600010 000069 600795 000776 600887 600050 600023 600028 600585 600340 600705 600690 600111 002024 000166 300104 600048 600115 000538 000858 002304 600519 
002739 002736 300059 600000 600036 600837 600485 002024 600115 600705 000166 600016 600585 000069 600030 000776 600028 600023 600690 000001 000063 600048 600795 002252 000625 600104 600050 000725 600010 600018 600015 000002 002594 600637 600886 600111 600518 600276 000333 600887 600340 000895 002415 000538 000858 002304 600519 
002304 000002 000858 600519 002415 300059 600485 600637 000063 600585 600000 002024 600705 600886 600015 000001 600018 000069 600115 000776 000625 600795 600023 600028 000166 000725 002736 600016 600050 600887 600010 600837 600030 000333 600104 600036 600276 600111 600690 000895 002252 600340 002739 000538 600518 002594 
600519 002739 000538 002252 600276 600340 600518 000333 000625 600036 600000 600585 000063 000002 600115 000776 600104 600028 600010 600887 600705 000001 600016 600023 600637 600485 600050 600886 600690 300059 002024 600015 600030 000725 000166 600795 600837 600111 600018 000069 002415 000895 002736 002594 002304 000858 
002739 002594 600340 002415 000002 002252 002736 300059 600690 600637 600030 000069 600115 600886 600837 600000 000776 002024 600018 600023 600705 000166 600050 000001 600795 600015 600028 000725 000063 600010 600016 000625 600036 600585 600518 600104 600485 000895 600887 000333 600111 600276 000858 002304 000538 600519 
002594 000002 000725 600795 600010 600028 600018 600023 600015 000166 600111 002736 002024 000001 600485 600016 600050 600705 002252 000069 600000 600886 600036 002304 600837 000776 600637 600030 600340 000063 002415 300059 002739 600115 000858 600887 600690 600518 600585 600276 000895 000625 600104 000538 000333 600519 
600519 002304 000858 600104 600887 600111 600115 000895 000538 600276 002594 000625 600690 600518 000333 002736 002252 600010 000725 600886 600030 600340 000166 300059 600585 000776 600016 600028 600036 600795 002415 600023 600705 600018 000001 002024 000069 600015 000063 600000 600485 000002 600837 600050 600637 002739 
300104 002304 000538 000002 002739 000333 000858 600111 002736 600276 300059 000895 600104 000625 600690 000063 600519 600000 600050 600886 600585 600705 600115 000001 600015 002024 600018 000776 600010 600795 000166 600023 600028 600637 000725 600030 600036 600518 600837 600340 002252 000069 600048 600016 002415 002594 600887 600485 
300059 002739 600485 000895 600837 600585 000776 600030 600518 600637 600887 000538 002736 002024 000069 000002 600705 600016 002252 000166 000725 600050 600028 600023 600018 600000 600795 000858 000063 600886 600010 600115 600111 000001 600036 600015 600048 000625 002304 600690 600104 600276 600519 300104 600340 002415 000333 002594 
300104 600519 002304 000538 000002 000776 002736 002415 600887 002594 600518 600837 300059 600030 600340 600485 002252 000333 000895 000858 002739 600705 000069 000166 600637 600010 600115 600028 000725 600023 600795 600018 600111 600585 600690 600050 000001 600000 600886 600048 002024 600015 600036 600276 600016 000625 000063 600104 
600519 002304 000858 000333 600276 000895 600887 002415 600104 000002 600340 600690 000625 600048 600585 002739 600111 600115 600637 600036 600518 000063 600015 000069 000001 600050 600016 600000 600886 600028 600010 000725 600018 002252 600795 600705 002024 000166 000776 600023 600030 002594 300059 600837 600485 002736 300104 
002739 002594 600340 600485 600016 000858 002304 300059 000333 002736 600048 002252 000776 600023 600036 600015 600030 600705 000625 000002 600050 002024 600886 600518 600837 600795 600010 000001 600028 000725 000166 600115 600018 600000 000895 000069 600585 600111 002415 600104 600690 600276 000063 600887 600519 600637 300104 
300104 002594 002739 600637 600276 600485 600111 000002 000063 600023 002024 600010 600705 600115 600050 600028 000069 000725 600795 000166 600016 600015 000001 600018 600048 600886 600340 002252 600887 300059 600518 600000 000776 002736 600837 600030 600036 000625 600104 600690 000858 600585 000895 002304 002415 000333 600519 
600519 002304 000333 000858 002739 600276 600104 600340 002594 300104 300059 000895 002415 600887 000625 000063 600637 002736 600518 600837 600000 600036 002024 600048 000776 600115 600690 600705 600016 600886 000069 000166 600030 600585 000001 600795 600028 600018 600023 000725 600050 600010 600015 600485 600111 002252 000002 
002739 002594 300104 000333 000895 600340 000625 600104 600111 002252 002415 600485 600690 600030 600050 000776 600016 600705 000069 600115 600886 000725 600010 002024 000166 600795 600023 600028 600018 600837 000001 600036 600000 600015 002736 600518 300059 600048 600887 000002 600637 600585 002304 000063 000858 600276 600519 
600010 000063 600795 000725 600023 600028 002252 600016 600637 600000 600036 600015 600276 600048 600018 600705 000166 000002 000069 600886 600050 600111 000001 600115 002024 600837 600585 600518 000776 002736 300104 300059 600030 600340 600690 600485 000625 002739 000895 002594 600887 002415 000333 000858 600104 002304 600519 
600519 002739 002304 002594 600485 300059 600111 300104 600637 000063 000333 002736 600340 000776 000858 600887 002024 000002 000895 000069 000166 600705 600030 002252 000625 002415 600585 000001 600010 600115 600023 600048 600690 600015 600518 000725 600795 600028 600016 600050 600886 600000 600837 600036 600276 600104 600018 
300104 600837 600485 600637 600030 002736 600036 600000 000776 600018 600016 300059 600015 600585 600028 000166 000725 600010 600048 600023 002024 600795 600050 000001 000069 600115 600111 600705 600518 002739 600340 600886 000063 002252 002594 600690 600104 000002 002304 600887 600276 000858 000333 002415 000625 000895 600519 
600519 002739 300104 600585 002594 600485 002252 002415 000063 600104 600637 600111 600837 300059 600018 600887 600050 600276 600048 600030 002024 000002 600115 000069 600023 600010 600028 600795 600705 600886 000166 000725 600036 600000 600016 000776 600015 000625 002736 000001 600340 600690 002304 000858 000333 000895 
600519 002304 000858 300104 002415 300059 002739 600887 600276 002594 000333 600111 600690 000063 600340 600637 600485 000895 600048 600705 600115 002024 000776 600837 000625 600030 600050 600104 000166 000725 600795 600010 600018 000069 600028 600036 600023 000002 600016 000001 600015 600886 600000 002736 002252 600585 
002739 600519 600518 000895 000858 600887 000333 002415 002736 600585 002252 600000 600886 600015 600690 600036 000001 600016 600028 600023 600795 000725 600010 600837 600115 600104 600050 000776 600030 002594 600111 000166 300059 002024 600705 000063 600485 000625 000069 600018 600048 600340 002304 600637 000002 300104 600276 
300059 600104 002304 002594 600886 600036 000625 600000 002736 000001 600518 600030 600015 600016 600018 600111 000166 000776 600023 600795 600028 300104 000063 600485 600010 002024 600837 000725 600276 000895 600050 000069 600048 600690 002739 600637 600887 600115 600705 002252 000002 600585 000858 000333 600340 600519 002415 
600519 000333 600276 600690 000001 000895 002252 600518 600637 600115 600000 600018 600887 600705 600104 600585 000858 600016 600837 000625 000725 600036 002415 600010 600795 000166 600050 002304 600028 600023 600886 600015 000063 002024 000069 000776 600030 002739 600111 002736 600485 600048 600340 002594 300059 300104 000002 
002739 000858 600519 002594 300104 002415 000625 600485 300059 002252 600111 600340 002736 600115 600886 600637 600705 000895 600050 000069 600518 600023 600018 000725 600795 600010 600028 600104 000166 002304 600030 600036 000001 600690 600837 000063 600585 600887 600048 600015 600000 600016 000333 600276 000776 002024 000002 
300104 000333 600276 600016 600018 600115 600015 600050 600000 600795 600518 600028 600023 600036 600010 600887 000166 600690 000858 000725 600705 000069 000001 000625 600048 002252 600837 600030 000776 600886 002594 600340 600485 600111 002415 000895 600637 002736 000063 002024 600104 600585 300059 000002 002304 002739 600519 
600340 600104 000625 000895 600585 000063 000069 002024 600018 002739 600705 600048 600050 600115 000725 600795 600010 600016 000166 300059 600015 600886 002736 600036 600023 000001 600028 002252 600000 600030 600518 000002 000776 600837 600690 000333 600637 600485 600111 002415 002594 300104 600887 002304 000858 600276 600519 
600519 002739 000002 000333 600104 300104 002415 000858 600340 000895 002594 000625 600887 600276 600048 600690 002304 600518 300059 600485 600637 002024 000063 002736 000069 600030 600837 600705 600018 600886 600115 600015 000166 600795 600023 000001 000776 600028 002252 000725 600016 600585 600050 600010 600000 600111 600036 
002739 000002 600111 600485 002594 002024 600637 600690 600518 002252 600276 002415 000625 300059 600048 600887 000063 600018 600115 000069 600050 600104 600886 600023 600585 600010 600340 000725 600028 000166 300104 000333 600795 600837 002736 600016 600705 000001 000776 600036 600030 600015 600000 000895 002304 000858 600519 
000333 300104 600887 000725 600010 600795 600705 600115 600028 600018 600050 600023 600111 000166 600690 300059 600585 000858 000895 600485 600276 600016 600519 600637 600886 002739 000063 002252 002304 600518 000001 600000 600837 002024 000776 000625 600015 000069 002415 600036 600030 600104 002594 600048 002736 600340 000002 
002252 000725 600010 600795 600018 600028 002024 600050 000895 600115 600023 000001 600518 600016 600111 600690 000069 000166 600886 600015 000063 600585 600887 000625 600036 002415 600485 600048 600276 600000 600705 600837 600104 002594 600637 002736 600030 000333 000776 000858 600340 002304 002739 600519 300104 300059 000002 
600519 002304 600340 600104 600585 600048 000858 600837 600030 300059 600016 600000 600015 000069 600518 000001 002594 002415 002024 000625 002252 600690 600036 600886 600018 600637 000776 002739 600276 000063 600115 000725 000166 600795 600023 600010 600028 600050 600887 600485 300104 600111 002736 000333 600705 000895 000002 
000002 600519 600276 300059 600048 600340 600518 600485 000063 600111 002736 000069 002304 600000 600030 600115 600837 600050 600015 600028 600887 600795 000725 600018 600016 000625 000166 600637 600886 000001 600010 600690 000776 600023 000895 000333 600104 600036 600705 002252 002024 600585 000858 300104 002415 002594 002739 
600519 002739 300104 002594 000858 600887 600276 002415 000333 600104 600585 600837 000002 600000 002024 600036 000895 600886 600030 000776 600015 002736 600690 000166 000063 000001 600016 002304 600010 600111 600115 600028 002252 600705 600795 000725 600023 600518 000625 300059 600018 600050 600637 600485 600340 000069 600048 
000002 002304 000858 600340 002415 000625 000333 002594 600637 600048 600887 600690 300059 000069 000895 002252 002736 002024 000776 300104 000063 600115 600018 600276 600023 600485 600030 600016 600000 600050 000725 600585 600028 600837 600795 600518 000001 600010 600886 600015 000166 600519 600111 600104 600036 600705 002739 
300104 002594 002739 600705 300059 000333 600111 600485 002415 002736 000776 000625 000063 600030 600886 002304 000001 600050 600837 600018 002252 600104 600016 600010 000166 600015 600637 600115 600795 600690 600028 600023 600048 600585 002024 600000 000069 000725 600340 600518 600036 000002 600276 600887 000858 000895 600519 
002739 000858 600276 600519 600048 600340 000895 002024 000625 600886 000069 600518 600050 600705 600036 600485 600887 600023 600015 600000 600690 600115 600111 600795 000001 000002 000063 600018 600010 600028 300059 600016 000725 000166 600030 600837 600104 002736 600637 000776 000333 002594 600585 002415 002304 300104 002252 
600519 000002 002304 002252 000776 000333 000858 000895 600340 600637 600887 600015 600276 600030 000069 600048 300104 600837 600050 600036 600115 600111 600016 002024 000166 000625 600023 600000 600705 600690 000063 300059 600010 600028 600795 600886 600018 000001 000725 600518 002736 600104 002594 600585 002415 600485 002739 
600519 002739 002594 600104 002252 600637 002304 000002 300104 300059 600705 000625 600340 000858 600111 600048 600585 002736 000069 600036 002024 600886 600050 600018 600000 002415 600023 000725 600115 600690 600795 600887 600028 000166 600837 000063 000001 000776 600015 600010 600016 600276 600518 000895 600030 000333 600485 
600519 000002 600104 002304 000333 000858 002739 002415 000625 002736 600705 000895 600030 000776 300104 000166 600048 600015 600115 600795 600023 600016 600028 600018 600887 600010 600000 000063 000069 000725 600886 002024 000001 600050 300059 600276 600690 600837 600036 600637 002252 600111 002594 600518 600340 600585 600485 
600887 002304 000895 600485 600036 600104 002415 600585 000333 600000 600637 600050 002736 002594 600016 000858 600837 300104 600018 000063 600690 000001 600886 600030 000166 600015 600115 600028 000725 600795 600010 600023 600111 000002 002024 600048 000069 600705 000625 300059 000776 600276 002739 600518 600340 002252 600519 
600519 600276 002415 002739 000002 000333 600115 600518 600111 600585 000069 002024 600340 000776 000725 600023 000063 600795 600050 000166 600018 600010 600048 600015 600886 300104 600028 000001 600837 600887 300059 000895 600705 600637 002304 600016 600690 600030 002736 600485 600104 600036 600000 002594 000858 000625 002252 
002739 600104 600485 600886 000625 600518 600115 600887 000895 600016 000725 600705 600023 600010 600795 600050 600028 000063 600018 000776 600585 000001 002024 000166 000069 600015 600837 600030 600000 002594 600111 600276 002415 300059 600690 000858 600036 002736 600340 600048 002304 300104 002252 000333 600637 000002 600519 
000002 600519 300104 002739 000858 002736 600048 600340 002304 300059 600485 600518 600030 000776 600104 600887 600111 600585 600690 600886 600837 000069 002415 000166 002594 600705 600000 002024 600050 002252 000001 600015 600010 000725 600028 600023 600016 600036 600018 600795 600115 000625 000333 000895 000063 600276 600637 
600519 002304 002415 002594 002252 000858 000333 000895 600887 000063 300104 600886 600111 600015 000069 000001 600050 300059 600010 600795 600028 000776 000725 600016 000166 600018 600023 600036 002736 600705 600637 600000 002024 000625 600115 600048 600518 600030 600340 600837 600585 600104 002739 000002 600690 600276 000651 
002252 600276 000002 300104 600637 600104 002304 600887 600690 600518 600048 600115 600485 000001 600015 600837 002024 600795 300059 600018 600000 000725 600050 600023 600028 600030 600705 000069 600010 000166 000776 600016 000063 000895 000625 600340 600886 002594 600036 002736 600585 600111 000858 002739 000333 002415 000651 600519 
600036 002304 000002 000333 600837 600000 600016 600015 600115 600018 000001 002736 600795 600023 000069 600028 000725 000166 002024 600518 600010 600048 600030 600276 000625 600050 600104 600690 600886 000895 600705 600111 600585 000776 000063 002252 000858 002739 300059 600340 600887 600485 300104 002415 600637 600519 000651 002594 
600519 002304 002252 600637 002594 000858 600276 002739 300104 000895 300059 600690 600705 000651 600887 002736 000333 002415 000002 600030 600886 000776 000069 600018 600050 000001 600023 600028 600010 000166 000725 600115 600795 600518 600016 600015 600111 000625 600036 600837 600340 600048 600104 600000 000063 600485 002024 600585 
600519 300104 000651 000858 002415 600276 002739 002304 600887 600705 000776 600518 600485 600111 600030 002594 600690 600585 600036 002024 000166 600048 600023 000333 600016 000725 600028 600104 600050 600795 000001 600886 000069 000625 600015 300059 600010 600115 000895 600837 002736 600018 000063 600000 600340 002252 000002 600637 
600519 002252 002739 002415 600340 000002 600104 600585 300059 600276 002304 000063 600111 000651 600036 000333 600690 000858 002736 002024 600048 600518 600887 000895 000625 600886 600705 600115 600015 000069 000166 600023 600010 600000 600050 600795 000725 000001 600016 600028 600030 600018 600837 600485 300104 000776 002594 600637 
600519 002304 002739 002594 000858 600637 000333 002736 002252 300059 600111 002415 600485 600036 600887 000895 002024 000776 000063 000625 300104 600585 600030 600015 000001 000166 000069 000651 600000 600705 600010 600050 600115 600104 600690 000725 600028 600340 600016 600886 600795 600023 600048 600518 600837 600018 000002 600276 
002594 300104 600637 600276 000776 600104 600585 600030 600340 600018 000651 002736 000895 600705 600115 002252 600050 600690 600023 600028 600886 600015 000625 600518 600010 600795 600837 000166 000725 600016 600036 000069 000001 600111 600000 000333 002024 600887 300059 000002 000063 002415 600048 600485 000858 002304 002739 600519 
002594 000333 600276 600519 000651 600637 600485 600036 000858 600585 600104 000776 002736 002739 600030 600690 000001 600837 600015 600886 000063 600018 600028 600340 600000 600023 600050 600795 600010 000166 002024 300059 600705 000725 000069 600115 600016 000002 000625 600111 600887 600518 002304 600048 000895 002252 002415 300104 
002304 600048 002252 600837 600018 600795 600518 600115 600028 600016 000166 600705 000725 600050 600010 600023 002739 600030 000069 000002 000001 600886 600000 600015 000776 002736 002024 300059 002415 600111 600585 000625 000063 600637 600485 600104 600036 000895 000858 600276 600519 600340 600690 000333 000651 002594 300104 
600519 300104 002739 002304 002594 002415 600637 600485 600585 600690 600705 002252 000776 000333 600036 000651 000625 600115 300059 600111 000001 600050 600030 000166 600048 600795 600028 600015 600018 000002 000069 000858 600023 002024 600010 600016 600000 600837 600886 002736 000725 600518 000063 600104 600276 000895 600340 
600519 600340 002252 000895 600637 600585 600690 600104 600518 000625 002415 600886 600485 000651 600000 000725 600018 600115 300104 000001 600795 600016 600028 600050 600111 000166 002024 600030 000069 300059 002739 600023 600837 600010 600015 000063 600705 600276 002736 000333 600048 600036 000776 000858 002304 002594 000002 
300104 000651 002739 300059 600111 600023 600010 600795 002736 600837 600018 600886 600050 600016 000725 000166 600115 000063 600028 000776 600030 000001 600015 600000 002024 600036 000069 600485 600705 600690 002415 000625 600276 000333 600518 600048 000895 600585 002252 600637 600104 002594 600340 000858 002304 000002 600519 
000002 002739 600485 000651 002252 600048 300104 000858 000625 002415 600111 000776 600030 002594 600585 600705 002736 000063 600637 600104 000069 600115 600690 600837 600518 600000 300059 600886 600023 600795 600015 002304 000166 000725 000001 600018 600010 002024 600028 600016 600036 000895 600050 000333 600340 600519 600276 
600519 002739 002594 300104 002304 000858 600340 000002 600637 600485 600276 002415 600104 002736 600690 000895 600111 600518 600048 002024 000333 600030 000063 002252 000625 600705 300059 000776 000069 600018 600585 600886 600115 000001 600015 000166 600023 600050 600028 600010 000725 600837 600795 600000 600036 600016 000651 
600276 600115 600886 000725 600016 600000 600795 600028 600018 600111 600050 600023 600010 000001 600015 002594 600518 000895 000166 600585 600036 600837 600705 600637 600690 000069 002415 300104 000333 002736 002024 000063 600104 600048 600030 000776 000858 300059 600340 000625 600485 002252 002739 000002 000651 002304 600519 
600519 300104 002304 600637 002415 000858 600036 600485 600340 000651 600048 600585 000776 002736 600016 002594 600111 600690 600030 000895 300059 600015 600837 600518 600028 600018 600023 600795 000069 600010 000001 000166 000725 600000 002024 000063 000333 600115 600886 600050 600276 600705 002252 000625 600104 002739 000002 
002594 600637 000651 600886 600705 600050 600690 600115 600018 600795 600023 000001 000063 000725 002024 600000 600485 600048 600016 600015 300104 000166 600585 600111 600010 002252 600028 300059 600837 600030 000625 600518 600036 600104 600340 000069 600276 000002 000776 000333 002415 002736 000858 000895 002304 002739 600519 
600837 600886 600030 600050 002024 600010 600000 000725 600015 600795 600036 600028 600023 600018 000069 300059 000001 600705 300104 600016 600690 000166 600048 002736 600637 600104 000063 000776 000625 600340 600115 600111 600485 600518 600276 600585 000002 000895 002415 002252 002594 000651 002739 000333 002304 000858 600519 
002415 600340 600048 002739 000002 000069 000651 000333 600115 600795 600010 000001 000725 600000 600023 600018 600016 600028 600886 600015 002252 600837 000895 000166 600705 600585 600111 600050 600690 002736 002024 600030 600036 000063 000858 000776 000625 600485 300059 600637 600019 600518 600104 300104 600276 002594 002304 600519 
002739 000625 600340 300104 000858 600585 002252 300059 600104 000895 002304 002736 600690 600016 600048 000166 000651 600010 600795 600018 600111 000069 600115 600028 000776 600000 600023 000001 002024 000063 600036 600485 600886 600837 600637 000333 600015 000725 002415 600030 600705 000002 600019 600518 600050 600276 002594 600519 
600519 002739 600585 002594 300104 002304 600104 600637 600019 000333 600276 600036 000895 600485 000063 600690 300059 600705 600030 000625 600837 000776 600050 600000 600111 600048 002024 600016 600518 600115 600028 000166 000001 600886 600010 600023 600018 000725 000069 600340 600795 000858 600015 000651 002252 002736 000002 002415 
600519 000333 000858 002594 300104 002252 000651 600016 600000 600585 000001 000063 600036 600340 600019 600030 600028 600690 002736 600837 600048 000069 600050 600115 000776 600795 600023 600010 002304 600111 600015 000166 600018 002024 600637 600518 600886 000725 300059 600705 000625 600485 002415 600104 000002 002739 000895 600276 
002739 600276 300059 002736 300104 000651 600637 600705 600485 000625 600518 600886 600111 002594 600019 600837 002024 600585 600018 600690 600023 600010 002252 000776 600795 600036 600015 000069 000725 002304 000001 002415 600048 000166 000895 000002 600000 600104 600028 600016 000063 000333 600030 000858 600340 600115 600050 600519 
600519 000002 600637 002739 002594 002415 600485 300104 300059 002736 000063 000776 600030 600036 000895 000651 600104 600837 600000 000625 600115 600585 600050 000333 600048 000166 600886 002024 600705 002252 000069 000725 600111 000001 600023 600018 600019 600690 600795 600015 600010 600028 600518 600016 002304 000858 600340 600276 
600276 000002 600795 000725 600028 600016 600010 000001 600050 600019 600018 600340 600048 600036 600000 600015 000069 002252 000333 600886 600690 600023 000166 600705 600115 000651 000625 600585 000895 002024 002415 600837 600637 000063 600111 600485 600518 600104 600030 300059 002736 000776 002594 000858 002304 300104 002739 600519 
600519 002739 002594 000333 002736 000002 300059 600637 600837 600030 600485 000651 000858 000776 600000 600690 000063 600036 000166 600705 600340 600015 600585 002304 600518 600048 000001 600019 600018 600010 000725 600023 600795 600016 600111 000895 000069 600886 600028 000625 002024 300104 002415 002252 600115 600050 600276 600104 
600519 600276 300104 600518 002594 002736 600340 000858 002304 002252 000895 000625 000063 300059 600111 600030 600705 600019 600690 000166 600023 600018 600837 000001 000725 600795 600010 600050 600016 600028 600036 600886 600000 600048 000651 600585 600015 002024 000776 000333 000069 000002 600637 600115 002415 600104 002739 600485 
600519 000002 002304 600485 002594 600637 002739 600518 600115 002024 600705 000858 600340 600111 300059 600048 002252 000725 000069 600016 600019 600000 600010 600028 600795 600036 000166 600023 600886 000895 600276 600018 000001 600050 600015 600585 600690 002736 002415 000625 000063 600837 000333 600030 000776 600104 300104 000651 
600276 600104 002415 600340 600050 000002 600018 600115 600010 000725 000069 600795 600886 002252 600028 600019 600518 600690 600048 600023 600016 000166 600485 000001 000651 600705 000858 600015 000895 600837 600111 600000 002304 002024 000625 600637 000333 600030 300104 300059 600036 000063 002594 002736 600585 000776 600887 002739 600519 
002415 600276 600104 000002 600036 000776 002252 600115 600030 300059 000625 002594 600015 600050 600000 600028 600518 002736 002739 600705 000001 000166 600795 600018 600690 600048 600837 600016 300104 000725 600023 600010 002024 600886 000069 600637 600485 000063 000895 600019 000333 600111 600585 600887 600340 000651 000858 002304 600519 
002739 300104 000651 002594 000625 600485 600111 600036 600585 000333 600690 600000 600015 000063 600837 600104 002736 600016 600886 600115 000001 000776 600030 002304 600048 600518 300059 600010 600028 000166 600023 600795 000069 600018 600019 000725 002415 600637 002024 600050 002252 600705 000002 000895 600340 600276 000858 600519 600887 
000895 002739 000002 002304 000858 600887 002252 000625 000651 300104 600637 600036 600050 600000 000776 600115 600705 002024 600030 600340 600048 600018 600019 000069 000166 000725 600023 600111 600795 600016 600886 600028 600518 600585 002415 000333 000001 600837 600010 002736 600690 600015 000063 002594 600276 600104 300059 600485 600519 
600340 600887 600637 600276 000895 002594 300104 600111 002024 600585 002252 000069 600886 600705 600115 600050 600485 002736 600019 000625 600010 000725 000651 000002 600023 600795 600018 000001 600690 600028 600518 600048 600016 600015 600030 000776 000166 002415 300059 000333 600036 000063 600000 600519 600837 600104 002304 002739 000858 
600485 002415 000858 600690 300059 600030 002739 000063 002304 600016 002252 002594 600886 600705 600276 600637 002024 600015 600036 600518 000069 600048 000001 600000 000166 600795 600010 600018 600023 600028 300104 600050 000725 600019 600837 600115 600111 000776 000625 600585 000002 002736 600887 600104 000333 000895 600340 600519 
600519 002252 600104 000895 600340 600485 000001 600028 600023 600018 600886 600016 000725 600010 600795 600019 000063 000166 000069 600000 600048 600015 000625 600115 600690 600050 600518 600705 600887 002024 600837 600111 600036 002736 600637 300059 300104 600585 002415 600030 000776 000858 002594 002739 002304 000333 600276 000002 
300104 600519 002304 000002 000858 600485 000333 600104 300059 600585 600637 002415 002252 600887 000776 600030 000895 002024 600036 000625 600276 600705 002736 600000 600050 600690 600886 600019 600048 000001 000069 600023 600115 000166 600028 600016 600018 600795 600010 600015 600837 600111 000725 000063 600518 002594 600340 002739 
002739 002594 300104 600276 000895 600340 000333 600887 000002 600111 600795 000725 600028 600048 002252 600010 600023 600019 600018 600016 002415 000063 000069 000001 600690 600705 600637 600104 600886 600518 600036 600115 002304 600485 000166 000625 000858 600585 600000 600050 600015 600030 600837 002024 300059 000776 002736 600519 
600519 002304 300104 600276 002594 000858 000333 000002 000625 600104 600340 002252 600485 002415 002024 600705 600886 000895 600690 600115 600048 600016 000166 600036 600030 000001 600018 600023 600028 600795 000069 000725 600010 300059 600637 600019 000063 600837 600000 600015 600050 600887 600518 000776 600111 600585 002736 002739 
300104 002739 002304 000002 600276 002415 002252 000895 300059 000776 002736 600637 000333 600705 600115 600036 002024 600050 600018 600485 000166 600048 600104 600016 600887 000001 600023 600028 000069 000625 600015 600000 600795 600690 600886 600010 600837 600518 600030 600019 600111 000725 002594 600340 000063 000858 600585 600519 
600050 600837 600019 600010 002736 600795 600585 600115 600048 000725 600016 600030 600023 600018 600028 600887 000166 000069 600886 000001 600000 600690 600518 000002 000625 600015 002024 600111 000776 600036 600705 300059 002594 600485 600637 000895 600340 002415 000858 600104 000333 002252 000063 002304 600276 300104 002739 600519 
600519 002304 300104 002739 002594 002415 600340 600585 300059 600485 002736 000776 600030 002024 600637 000625 000858 000333 000895 600104 600837 002252 600050 000063 600690 600705 000166 600036 600887 600518 000069 600115 000001 600886 600019 600016 600028 600276 600023 600018 600010 600111 600015 600000 600795 600048 000725 000002 
600276 300104 000725 600795 600010 600050 600016 600690 600018 600028 600023 600886 000001 600048 600705 000069 000166 600887 600019 600115 002024 600111 600036 600000 002252 000063 000625 600015 000895 600837 600485 002594 002736 002415 000002 300059 600340 000858 600637 600030 000333 600518 600104 000776 600585 002304 002739 600519 
600519 002739 000002 600276 000858 002594 002415 000333 600340 002024 002252 000725 600015 600690 600104 600036 600028 600000 600023 600887 600115 000895 600795 000001 600016 000069 600018 600048 600050 600705 600485 600886 000625 600010 600637 002304 600019 600518 000166 600837 300104 000063 600585 600111 002736 300059 600030 000776 
600519 600276 000858 600104 000333 600340 002304 000002 000895 600887 000063 600837 002736 600111 000625 600518 600690 002024 000725 600010 600795 600000 000069 600048 600028 600036 600016 600485 600015 600705 000001 600018 600886 600023 000166 600637 002415 600030 002252 600585 002739 600019 600115 600050 000776 002594 300059 300104 
002739 600104 600030 000776 002736 002252 600585 600050 600019 600637 600111 000333 600115 600010 600028 000625 600705 600837 300059 600015 600886 600000 600023 600016 600518 000895 000725 600795 000001 600018 600340 300104 000069 600690 002024 600048 002594 000063 000166 600036 002415 600276 600887 600485 000858 002304 000002 600519 
600519 000063 002304 000858 000002 600585 300059 600340 600485 600518 300104 600036 600019 000333 000166 600048 000069 600016 002024 600690 600111 600705 600795 600837 600028 000001 600886 002736 600030 000625 600000 600115 002252 600887 600015 000725 600018 000895 600637 600010 600023 002594 600104 002415 000776 600050 002739 600276 
600519 002739 300104 600340 600637 600485 002415 002736 300059 002252 000625 600010 000001 600518 000725 600048 600019 600030 600015 000776 600690 600000 600028 600036 600705 600016 000895 600023 002594 600276 600886 600795 600018 000069 600837 600104 600111 002304 600115 000333 600585 000858 600887 002024 000063 000166 600050 000002 000651 
600519 002739 002304 000776 002594 000063 600340 600276 000651 600111 002736 300104 600030 600585 000895 600887 000166 300059 600115 000858 600518 600837 600705 600023 600018 600690 002252 600637 000625 002024 600050 000725 600485 600795 000001 600028 600886 600015 600036 000069 600010 600000 002415 600016 600019 600048 000333 600104 000002 
300104 600519 000002 600518 600340 000895 600887 002594 600104 002736 600111 600019 600485 002252 000858 600115 600010 300059 600050 002415 000069 002024 600837 600018 600690 000725 600000 000776 600705 600637 000001 000166 600028 000625 600016 600048 600023 002304 600015 600030 600886 000063 600795 600036 600585 000651 600276 000333 002739 
600519 002415 000895 600104 600518 000333 000002 600585 600795 600886 000858 600023 002024 600837 600016 600036 600705 600000 600010 600018 000725 600340 000625 600050 600048 000069 002304 600690 600028 600115 000166 600887 002594 600485 000001 600111 002739 600019 600030 002252 000776 000063 600015 002736 600276 000651 600637 300104 300059 
300104 002739 300059 002736 600637 600276 600050 600030 600111 002252 000002 000063 000166 600115 600023 000725 600019 000776 600795 600010 600837 600886 600028 600887 600518 600018 000625 600705 600016 000001 000895 002024 002415 600585 000069 600485 600104 600690 600000 600340 600048 600015 600036 000333 000858 002594 002304 000651 600519 
002739 002594 600340 000002 300104 002024 300059 600036 600000 600705 600015 000725 600018 600016 600028 600485 600023 002304 002415 600795 600010 600115 600886 600050 600837 000001 600637 600019 600048 000166 002252 000858 002736 600030 600111 600690 600518 000069 600585 000063 000625 600276 000895 000776 000651 600104 000333 600887 600519 
002594 600887 002252 600690 600111 600485 600519 000895 600276 600795 600018 600637 000069 600115 000333 000858 002024 600010 600028 600023 000166 600837 600886 002736 600016 000725 600030 000625 600518 600050 600019 000776 000001 600048 600000 002739 002304 300059 600585 600036 000002 002415 600015 600705 000063 600340 600104 300104 000651 
000002 600104 300104 600036 600340 600276 600518 600837 600585 600887 600015 000063 000895 300059 600705 000776 002739 600030 600048 002736 600016 600010 600886 000001 000166 600795 600028 600018 000625 600019 600485 000725 600115 600023 002024 000069 600000 600050 002252 600637 002594 600111 000858 002415 600690 002304 000333 000651 600519 
600340 000063 600485 600111 000002 002252 600015 000069 002736 002024 600518 002594 000001 000166 000776 600276 000725 600010 600705 600000 600115 600585 600016 600018 600028 600795 600023 600036 600050 600690 600886 600837 600019 002739 300104 300059 600637 600030 002415 000625 000895 000858 600104 000333 600887 002304 600519 
600519 000333 002304 000858 000895 600585 000625 002415 600887 600111 600705 002594 600030 600015 600036 600019 600104 000776 000166 600837 600018 600048 600028 600000 600690 002736 000001 000069 600023 000063 600010 600637 600886 300104 600795 600115 600518 000725 600016 600485 002252 600340 002739 002024 600276 600050 300059 000002 
600016 600036 002252 002304 002739 002594 600000 000002 600637 000725 600276 600023 600795 300104 002024 600837 000166 000001 600518 600705 300059 600018 600111 600030 000895 600010 600886 600115 600015 600028 600485 600887 600690 000776 000858 002736 000625 002415 000069 600340 600104 000333 600585 600050 000063 600048 600519 000651 
000651 000333 002304 600887 002739 300059 600104 002594 000002 600637 600050 600030 000776 000858 600485 000063 600111 002736 002415 000625 600690 000895 600705 600585 002252 600340 000166 000069 600015 600886 000001 600048 600000 600018 600010 600115 600023 600036 600016 600795 000725 600518 002024 600276 600837 600028 600519 300104 
600519 000651 000333 000776 600887 002594 000002 000063 600048 300059 000895 000625 600030 002736 600104 600837 600690 600585 000069 000166 000858 002739 600886 600028 002252 000725 000001 002024 600010 600050 600795 600111 002304 600340 600018 600023 300104 600016 600518 600705 600485 600637 600276 600015 600115 600036 600000 002415 
300104 002594 300059 600048 600104 600015 600115 600340 600585 600050 600637 000002 002739 000069 002736 600000 600023 600485 600795 600028 600030 600036 600018 600705 000063 000166 000725 600010 600016 600886 000895 000625 600690 002252 000001 002415 600518 600887 600837 600111 000333 002024 000776 000651 000858 600276 002304 600519 
002415 000002 600000 000651 002594 600050 600016 600276 002304 600115 002736 600104 000001 600690 600018 000776 600028 600015 002252 000069 000333 600036 600023 600795 000725 000895 000858 600886 600485 600705 600585 600637 600010 300059 600837 000166 600111 000063 600048 600030 600340 000625 002739 600887 002024 600518 600519 
002739 600276 300059 000002 002736 002415 600887 600485 600340 600030 600637 000895 000776 002024 600518 000069 600837 600690 000166 600705 000063 600010 600111 600886 600018 600048 600023 600795 600028 000001 002594 000651 600115 000725 600000 002252 600036 000625 600015 600585 600019 000333 600016 600104 600050 002304 000858 600519 
002739 600518 600276 002594 002024 600637 600340 600585 000858 000625 600115 600837 000063 600104 600485 600887 600705 600050 000776 600010 600018 600023 600795 000725 000166 600111 002736 600690 300059 600886 600519 600016 000895 000069 000002 600030 002252 600048 600028 000001 600000 600015 002415 600019 002304 600036 000651 000333 
600519 002739 002594 002304 000651 300059 000002 000858 002415 000333 600485 000776 000063 002736 000895 002024 000625 600104 600637 600030 600111 600340 002252 600048 000069 000166 600887 600050 600705 600690 600115 000001 600886 000725 600023 600015 600010 600018 600518 600795 600837 600019 600585 600016 600028 600036 600000 600276 
002739 600276 000333 600036 600000 000895 600015 600340 000002 600048 600837 600637 300059 600887 000001 600016 002736 600690 600030 600795 600705 600018 600023 000725 000776 600115 600485 600010 600886 000166 002415 002024 000063 600028 000069 000625 600104 600518 600111 000651 600585 600019 002252 600050 000858 002594 002304 600519 
002594 000858 000002 600519 600104 000776 000333 600050 600585 600019 000625 600837 600111 600887 000895 000651 002415 002304 600518 600115 600030 600637 000063 600690 000166 002024 600705 600023 600276 600036 600018 600010 000069 600340 000001 600485 000725 600000 300059 600886 002736 600795 600048 600015 600028 002252 600016 002739 
600519 002304 600104 600585 600036 000333 600015 000651 600000 600518 000625 600340 600016 600276 000063 600028 600887 600048 600019 600837 002252 000001 000858 600030 600886 600050 000895 002736 600690 600115 000776 600795 000725 000069 600018 600637 000166 600023 600010 600705 000002 002415 600111 002739 600485 300059 002024 002594 
600519 600340 600019 600016 002415 600015 600111 600036 600115 600000 000166 002736 600030 600837 000069 600795 600705 600010 600023 600886 600048 000001 000725 600485 600018 600050 600028 600887 002252 600518 600690 000776 000625 000858 600276 600637 000002 002024 000895 002304 600585 300059 000651 000063 600104 002739 000333 002594 
600519 000002 002739 600340 000651 002594 002415 600585 000333 300059 002024 000776 002736 600104 600036 600000 600485 600837 000625 600690 600016 000001 600015 600705 600048 000166 600023 600886 600010 600018 600030 600795 600028 000725 600887 002252 600518 600050 000069 600019 000063 600637 600115 600276 600111 000895 000858 002304 
002739 600276 002304 000002 000333 000858 002415 600000 600036 600637 600019 002024 000895 000651 600837 600048 600015 600887 000625 002736 000063 000001 000776 600518 600705 600028 600111 600115 600030 000069 600010 600016 600104 002594 600585 600023 600690 600018 600795 600886 000725 000166 300059 600485 600050 002252 600340 600519 
002304 600837 600340 000895 600016 002739 000725 600036 000069 600015 002415 600010 600018 600000 600690 600705 600019 600048 000001 600795 600637 600518 600104 600111 600887 002024 300059 600023 600028 600485 600886 002736 600030 600585 000333 000002 000625 000651 600276 000776 000858 600050 002594 002252 000063 600115 600519 
600519 600276 002304 002415 000858 300059 600637 600837 600000 600111 600019 600036 002252 002736 600015 600016 000776 600048 600518 600485 000895 600705 600690 600010 000001 000725 600030 000333 000625 600018 600023 600886 002739 600795 600340 000069 600887 000063 600028 600585 002024 000002 600115 600050 600104 000651 002594 
600519 600485 002304 002594 000858 300059 002739 000651 000063 000002 600104 000333 000895 000625 600887 600585 000776 600340 600030 600637 600015 600111 002736 600518 600036 600705 600886 000069 600837 000001 600048 600023 600795 600690 600018 000725 002024 600016 600010 600000 600019 600276 600028 600050 600115 002415 002252 
002739 600340 002415 600019 000895 600104 000858 600887 600690 000069 600886 002594 600115 600018 600016 600795 600111 600050 600637 600010 600023 600585 000725 600705 600028 600837 000625 000001 600015 600048 002024 600000 600518 600030 300059 002736 600036 000776 000333 002304 000002 002252 600276 000063 000651 600519 
002594 002739 600050 002252 600115 600104 300059 000625 600000 600028 002304 600030 600705 002736 600023 000776 600016 600018 600036 000001 600887 600795 600585 000333 000725 000858 600010 600111 600837 600019 600518 600690 000069 600886 600015 600048 000063 002024 000895 600340 600637 600276 002415 000651 000002 600519 
600519 002739 600276 000858 000063 600585 000333 000002 000895 000776 002736 002594 002024 600048 600111 300059 600887 600837 600036 000625 600000 600115 600016 000069 600886 000651 000001 600015 600028 600010 600795 600023 600030 600637 600518 000725 600705 600690 600019 600018 600340 600050 600104 002252 002415 002304 
002252 000002 600340 600104 600050 600028 600036 300059 600111 000651 600030 600690 600115 600585 600837 000858 600637 000333 600018 600886 600048 000625 600000 000069 000725 002736 600518 600795 600023 600010 600705 000776 600016 000001 600276 002739 002594 600019 600015 002024 000063 600887 002415 002304 000895 600519 
000002 600050 000651 002024 600115 000069 002739 300059 002736 600276 600111 600028 600010 000001 002415 600016 600795 002252 600048 600023 600018 600019 600705 000725 600886 000625 600690 000776 600036 600015 600030 600000 000063 000333 600585 600637 600887 600340 000895 002594 600837 600518 600104 000858 002304 600519 000538 
