
    n = 2
    LR = 0.0005
    EPOCH = 100
    train_end = 1/3
    inputsize = 4

000001 accuracy: 0.4959016393442623 F1: 0.3692307692307692 36 85 83 40 244
000002 accuracy: 0.5175879396984925 F1: 0.5151515151515151 51 52 50 46 199
000063 accuracy: 0.49356223175965663 F1: 0.5354330708661418 68 47 60 58 233
000069 accuracy: 0.5260869565217391 F1: 0.5240174672489083 60 61 57 52 230
000166 accuracy: 0.5545851528384279 F1: 0.5565217391304348 64 63 31 71 229
000333 accuracy: 0.5416666666666666 F1: 0.5833333333333334 77 53 52 58 240
000538 accuracy: 0.5217391304347826 F1: 0.5822784810126583 69 39 34 65 207
000625 accuracy: 0.5022026431718062 F1: 0.45410628019323673 47 67 59 54 227
000651 accuracy: 0.5670103092783505 F1: 0.5625 54 56 48 36 194
000725 accuracy: 0.522633744855967 F1: 0.24675324675324678 19 108 104 12 243
000776 accuracy: 0.4672131147540984 F1: 0.5357142857142857 75 39 31 99 244
000858 accuracy: 0.5669642857142857 F1: 0.6135458167330677 77 50 43 54 224
000895 accuracy: 0.6065573770491803 F1: 0.6097560975609757 75 73 50 46 244
002024 accuracy: 0.5477178423236515 F1: 0.6426229508196721 98 34 19 90 241
002252 accuracy: 0.5358851674641149 F1: 0.5125628140703519 51 61 46 51 209
002304 accuracy: 0.5614754098360656 F1: 0.5868725868725868 76 61 56 51 244
002415 accuracy: 0.48695652173913045 F1: 0.4824561403508772 55 57 75 43 230
002594 accuracy: 0.5435684647302904 F1: 0.5416666666666666 65 66 54 56 241
002736 accuracy: 0.45041322314049587 F1: 0.5397923875432525 78 31 18 115 242
002739 accuracy: 0.50625 F1: 0.46258503401360546 34 47 41 38 160
300059 accuracy: 0.5752212389380531 F1: 0.4606741573033708 41 89 64 32 226
300104 accuracy: 0.47368421052631576 F1: 0.527027027027027 39 24 13 57 133
600000 accuracy: 0.4444444444444444 F1: 0.3925233644859813 42 62 57 73 234
600010 accuracy: 0.5573770491803278 F1: 0.5 54 82 57 51 244
600015 accuracy: 0.5081967213114754 F1: 0.5555555555555556 75 49 28 92 244
600016 accuracy: 0.4918032786885246 F1: 0.3980582524271844 41 79 61 63 244
600018 accuracy: 0.46502057613168724 F1: 0.1875 15 98 118 12 243
600019 accuracy: 0.514018691588785 F1: 0.5772357723577236 71 39 40 64 214
600023 accuracy: 0.5409836065573771 F1: 0.3777777777777778 34 98 74 38 244
600028 accuracy: 0.5614754098360656 F1: 0.24113475177304963 17 120 89 18 244
600030 accuracy: 0.5450819672131147 F1: 0.5432098765432098 66 67 51 60 244
600036 accuracy: 0.5102880658436214 F1: 0.5608856088560886 76 48 49 70 243
600048 accuracy: 0.5578512396694215 F1: 0.624561403508772 89 46 37 70 242
600050 accuracy: 0.539906103286385 F1: 0.26865671641791045 18 97 73 25 213
600104 accuracy: 0.5168067226890757 F1: 0.5064377682403434 59 64 68 47 238
600111 accuracy: 0.5122950819672131 F1: 0.5333333333333333 68 57 54 65 244
600115 accuracy: 0.5333333333333333 F1: 0.3777777777777777 34 94 82 30 240
600276 accuracy: 0.5122950819672131 F1: 0.5258964143426295 66 59 77 42 244
600340 accuracy: 0.5062761506276151 F1: 0.5563909774436091 74 47 47 71 239
600485 accuracy: 0.518796992481203 F1: 0.5223880597014925 35 34 28 36 133
600518 accuracy: 0.44583333333333336 F1: 0.39269406392694073 43 64 77 56 240
600519 accuracy: 0.48360655737704916 F1: 0.4836065573770491 59 59 75 51 244
600585 accuracy: 0.4713114754098361 F1: 0.4777327935222672 59 56 83 46 244
600637 accuracy: 0.48523206751054854 F1: 0.49586776859504134 60 55 47 75 237
600690 accuracy: 0.4977168949771689 F1: 0.4554455445544554 46 63 82 28 219
600705 accuracy: 0.5375 F1: 0.5194805194805194 60 69 47 64 240
600795 accuracy: 0.5874439461883408 F1: 0.22033898305084743 13 118 80 12 223
600837 accuracy: 0.5163934426229508 F1: 0.5042016806722689 60 66 41 77 244
600886 accuracy: 0.5625 F1: 0.4166666666666667 35 91 67 31 224
600887 accuracy: 0.538135593220339 F1: 0.575875486381323 74 53 60 49 236


    n = 2
    LR = 0.0005
    EPOCH = 150
    train_end = 1/3
    inputsize = 4

000001 accuracy: 0.5 F1: 0.44545454545454544 49 73 70 52 244
000002 accuracy: 0.5226130653266332 F1: 0.5226130653266331 52 52 49 46 199
000063 accuracy: 0.5064377682403434 F1: 0.5756457564575646 78 40 50 65 233
000069 accuracy: 0.5347826086956522 F1: 0.5367965367965368 62 61 55 52 230
000166 accuracy: 0.5502183406113537 F1: 0.5502183406113537 63 63 32 71 229
000333 accuracy: 0.5208333333333334 F1: 0.5818181818181818 80 45 49 66 240
000538 accuracy: 0.5072463768115942 F1: 0.5486725663716814 62 43 41 61 207
000625 accuracy: 0.5066079295154186 F1: 0.4166666666666667 40 75 66 46 227
000651 accuracy: 0.5721649484536082 F1: 0.5654450261780105 54 57 48 35 194
000725 accuracy: 0.5349794238683128 F1: 0.28930817610062887 23 107 100 13 243
000776 accuracy: 0.45901639344262296 F1: 0.5111111111111112 69 43 37 95 244
000858 accuracy: 0.5580357142857143 F1: 0.6451612903225807 90 35 30 69 224
000895 accuracy: 0.5942622950819673 F1: 0.6147859922178989 79 66 46 53 244
002024 accuracy: 0.5477178423236515 F1: 0.632996632996633 94 38 23 86 241
002252 accuracy: 0.5119617224880383 F1: 0.5142857142857143 54 53 43 59 209
002304 accuracy: 0.5491803278688525 F1: 0.60431654676259 84 50 48 62 244
002415 accuracy: 0.5260869565217391 F1: 0.5240174672489083 60 61 70 39 230
002594 accuracy: 0.5435684647302904 F1: 0.5416666666666666 65 66 54 56 241
002736 accuracy: 0.4380165289256198 F1: 0.40869565217391307 47 59 49 87 242
002739 accuracy: 0.49375 F1: 0.4489795918367347 33 46 42 39 160
300059 accuracy: 0.5353982300884956 F1: 0.4324324324324324 40 81 65 40 226
300104 accuracy: 0.47368421052631576 F1: 0.5333333333333333 40 23 12 58 133
600000 accuracy: 0.48717948717948717 F1: 0.38144329896907214 37 77 62 58 234
600010 accuracy: 0.5532786885245902 F1: 0.502283105022831 55 80 56 53 244
600015 accuracy: 0.4672131147540984 F1: 0.5112781954887219 68 46 35 95 244
600016 accuracy: 0.5245901639344263 F1: 0.32558139534883723 28 100 74 42 244
600018 accuracy: 0.4897119341563786 F1: 0.31111111111111106 28 91 105 19 243
600019 accuracy: 0.5607476635514018 F1: 0.624 78 42 33 61 214
600023 accuracy: 0.5204918032786885 F1: 0.37433155080213903 35 92 73 44 244
600028 accuracy: 0.569672131147541 F1: 0.1322314049586777 8 131 98 7 244
600030 accuracy: 0.5409836065573771 F1: 0.5371900826446281 65 67 52 60 244
600036 accuracy: 0.5349794238683128 F1: 0.5637065637065637 73 57 52 61 243
600048 accuracy: 0.5206611570247934 F1: 0.5671641791044777 76 50 50 66 242
600050 accuracy: 0.5070422535211268 F1: 0.3137254901960784 24 84 67 38 213
600104 accuracy: 0.5210084033613446 F1: 0.49557522123893805 56 68 71 43 238
600111 accuracy: 0.5204918032786885 F1: 0.5411764705882353 69 58 53 64 244
600115 accuracy: 0.5333333333333333 F1: 0.43434343434343436 43 85 73 39 240
600276 accuracy: 0.5040983606557377 F1: 0.4851063829787234 57 66 86 35 244
600340 accuracy: 0.502092050209205 F1: 0.5703971119133574 79 41 42 77 239
600485 accuracy: 0.5263157894736842 F1: 0.5116279069767442 33 37 30 33 133
600518 accuracy: 0.4583333333333333 F1: 0.39814814814814814 43 67 77 53 240
600519 accuracy: 0.48360655737704916 F1: 0.4836065573770491 59 59 75 51 244
600585 accuracy: 0.4918032786885246 F1: 0.4833333333333334 58 62 84 40 244
600637 accuracy: 0.4641350210970464 F1: 0.4899598393574297 61 49 46 81 237
600690 accuracy: 0.502283105022831 F1: 0.48826291079812206 52 58 76 33 219
600705 accuracy: 0.525 F1: 0.4818181818181818 53 73 54 60 240
600795 accuracy: 0.5874439461883408 F1: 0.22033898305084743 13 118 80 12 223
600837 accuracy: 0.4918032786885246 F1: 0.5602836879432623 79 41 22 102 244
600886 accuracy: 0.5580357142857143 F1: 0.4210526315789474 36 89 66 33 224
600887 accuracy: 0.5423728813559322 F1: 0.578125 74 54 60 48 236

    n = 2
    LR = 0.0005
    EPOCH = 200
    train_end = 1/3
    inputsize = 4


000001 accuracy: 0.5081967213114754 F1: 0.4444444444444445 48 76 71 49 244
000002 accuracy: 0.507537688442211 F1: 0.5148514851485149 52 49 49 49 199
000063 accuracy: 0.5150214592274678 F1: 0.5949820788530467 83 37 45 68 233
000069 accuracy: 0.5347826086956522 F1: 0.5367965367965368 62 61 55 52 230
000166 accuracy: 0.5502183406113537 F1: 0.5462555066079295 62 64 33 70 229
000333 accuracy: 0.5041666666666667 F1: 0.5509433962264151 73 48 56 63 240
000538 accuracy: 0.5072463768115942 F1: 0.5446428571428571 61 44 42 60 207
000625 accuracy: 0.5022026431718062 F1: 0.4021164021164021 38 76 68 45 227
000651 accuracy: 0.5618556701030928 F1: 0.5303867403314917 48 61 54 31 194
000725 accuracy: 0.5349794238683128 F1: 0.28930817610062887 23 107 100 13 243
000776 accuracy: 0.47540983606557374 F1: 0.5294117647058824 72 44 34 94 244
000858 accuracy: 0.5669642857142857 F1: 0.6643598615916956 96 31 24 73 224
000895 accuracy: 0.5901639344262295 F1: 0.6153846153846153 80 64 45 55 244
002024 accuracy: 0.5477178423236515 F1: 0.6354515050167223 95 37 22 87 241
002252 accuracy: 0.5263157894736842 F1: 0.5263157894736841 55 55 42 57 209
002304 accuracy: 0.5204918032786885 F1: 0.5482625482625482 71 56 61 56 244
002415 accuracy: 0.5130434782608696 F1: 0.5087719298245614 58 60 72 40 230
002594 accuracy: 0.5435684647302904 F1: 0.5416666666666666 65 66 54 56 241
002736 accuracy: 0.4256198347107438 F1: 0.3474178403755868 37 66 59 80 242
002739 accuracy: 0.4875 F1: 0.39705882352941174 27 51 48 34 160
300059 accuracy: 0.5663716814159292 F1: 0.449438202247191 40 88 65 33 226
300104 accuracy: 0.46616541353383456 F1: 0.5298013245033112 40 22 12 59 133
600000 accuracy: 0.4658119658119658 F1: 0.37810945273631835 38 71 61 64 234
600010 accuracy: 0.5327868852459017 F1: 0.5169491525423728 61 69 50 64 244
600015 accuracy: 0.45901639344262296 F1: 0.5037593984962406 67 45 36 96 244
600016 accuracy: 0.5327868852459017 F1: 0.3214285714285714 27 103 75 39 244
600018 accuracy: 0.49794238683127573 F1: 0.31460674157303364 28 93 105 17 243
600019 accuracy: 0.5560747663551402 F1: 0.6058091286307054 73 46 38 57 214
600023 accuracy: 0.5573770491803278 F1: 0.44329896907216493 43 93 65 43 244
600028 accuracy: 0.5655737704918032 F1: 0.1016949152542373 6 132 100 6 244
600030 accuracy: 0.5409836065573771 F1: 0.5371900826446281 65 67 52 60 244
600036 accuracy: 0.5349794238683128 F1: 0.5830258302583027 79 51 46 67 243
600048 accuracy: 0.4793388429752066 F1: 0.4793388429752066 58 58 68 58 242
600050 accuracy: 0.5070422535211268 F1: 0.33962264150943394 27 81 64 41 213
600104 accuracy: 0.5294117647058824 F1: 0.5625 72 54 55 57 238
600111 accuracy: 0.4959016393442623 F1: 0.4979591836734694 61 60 61 62 244
600115 accuracy: 0.5208333333333334 F1: 0.416243654822335 41 84 75 40 240
600276 accuracy: 0.5 F1: 0.5611510791366906 78 44 65 57 244
600340 accuracy: 0.502092050209205 F1: 0.5765124555160143 81 39 40 79 239
600485 accuracy: 0.5112781954887218 F1: 0.49612403100775193 32 36 31 34 133
600518 accuracy: 0.48333333333333334 F1: 0.43119266055045874 47 69 73 51 240
600519 accuracy: 0.47950819672131145 F1: 0.5019607843137254 64 53 70 57 244
600585 accuracy: 0.47950819672131145 F1: 0.5207547169811321 69 48 73 54 244
600637 accuracy: 0.47257383966244726 F1: 0.5173745173745173 67 45 40 85 237
600690 accuracy: 0.5114155251141552 F1: 0.4928909952606635 52 60 76 31 219
600705 accuracy: 0.48333333333333334 F1: 0.4095238095238095 43 73 64 60 240
600795 accuracy: 0.5919282511210763 F1: 0.16513761467889906 9 123 84 7 223
600837 accuracy: 0.4959016393442623 F1: 0.5494505494505494 75 46 26 97 244
600886 accuracy: 0.5580357142857143 F1: 0.4406779661016949 39 86 63 36 224
600887 accuracy: 0.5169491525423728 F1: 0.5476190476190477 69 53 65 49 236


    n = 2
    LR = 0.0005
    EPOCH = 200
    train_end = 1/3
    inputsize = 4

000001 accuracy: 0.5040983606557377 F1: 0.48068669527896996 56 67 63 58 244
000002 accuracy: 0.5125628140703518 F1: 0.5025641025641026 49 53 52 45 199
000063 accuracy: 0.5278969957081545 F1: 0.6099290780141843 86 37 42 68 233
000069 accuracy: 0.5304347826086957 F1: 0.5304347826086956 61 61 56 52 230
000166 accuracy: 0.5545851528384279 F1: 0.5565217391304348 64 63 31 71 229
000333 accuracy: 0.49166666666666664 F1: 0.5986842105263158 91 27 38 84 240
000538 accuracy: 0.5120772946859904 F1: 0.5589519650655022 64 42 39 62 207
000625 accuracy: 0.5110132158590308 F1: 0.39999999999999997 37 79 69 42 227
000651 accuracy: 0.5618556701030928 F1: 0.5251396648044693 47 62 55 30 194
000725 accuracy: 0.5349794238683128 F1: 0.27096774193548384 21 109 102 11 243
000776 accuracy: 0.45491803278688525 F1: 0.5266903914590747 74 37 32 101 244
000858 accuracy: 0.5669642857142857 F1: 0.662020905923345 95 32 25 72 224
000895 accuracy: 0.5860655737704918 F1: 0.6130268199233716 80 63 45 56 244
002024 accuracy: 0.5435684647302904 F1: 0.6357615894039735 96 35 21 89 241
002252 accuracy: 0.5263157894736842 F1: 0.5352112676056339 57 53 40 59 209
002304 accuracy: 0.5245901639344263 F1: 0.5572519083969465 73 55 59 57 244
002415 accuracy: 0.5130434782608696 F1: 0.5172413793103449 60 58 70 42 230
002594 accuracy: 0.5435684647302904 F1: 0.5416666666666666 65 66 54 56 241
002736 accuracy: 0.4297520661157025 F1: 0.3893805309734513 44 60 52 86 242
002739 accuracy: 0.48125 F1: 0.42758620689655175 31 46 44 39 160
300059 accuracy: 0.5530973451327433 F1: 0.44808743169398907 41 84 64 37 226
300104 accuracy: 0.46616541353383456 F1: 0.5298013245033112 40 22 12 59 133
600000 accuracy: 0.47435897435897434 F1: 0.40579710144927533 42 69 57 66 234
600010 accuracy: 0.5450819672131147 F1: 0.5066666666666666 57 76 54 57 244
600015 accuracy: 0.44672131147540983 F1: 0.49438202247191015 66 43 37 98 244
600016 accuracy: 0.5450819672131147 F1: 0.3583815028901734 31 102 71 40 244
600018 accuracy: 0.4691358024691358 F1: 0.20858895705521469 17 97 116 13 243
600019 accuracy: 0.5327102803738317 F1: 0.5652173913043478 65 49 46 54 214
600023 accuracy: 0.5163934426229508 F1: 0.3516483516483516 32 94 76 42 244
600028 accuracy: 0.569672131147541 F1: 0.10256410256410256 6 133 100 5 244
600030 accuracy: 0.5409836065573771 F1: 0.5371900826446281 65 67 52 60 244
600036 accuracy: 0.5349794238683128 F1: 0.54251012145749 67 63 58 55 243
600048 accuracy: 0.5165289256198347 F1: 0.5338645418326694 67 58 59 58 242
600050 accuracy: 0.5070422535211268 F1: 0.3225806451612903 25 83 66 39 213
600104 accuracy: 0.5462184873949579 F1: 0.568 71 59 56 52 238
600111 accuracy: 0.5040983606557377 F1: 0.5140562248995983 64 59 58 63 244
600115 accuracy: 0.5041666666666667 F1: 0.4079601990049751 41 80 75 44 240
600276 accuracy: 0.5081967213114754 F1: 0.5041322314049587 61 63 82 38 244
600340 accuracy: 0.497907949790795 F1: 0.5683453237410072 79 40 42 78 239
600485 accuracy: 0.5112781954887218 F1: 0.49612403100775193 32 36 31 34 133
600518 accuracy: 0.48333333333333334 F1: 0.42592592592592593 46 70 74 50 240
600519 accuracy: 0.48360655737704916 F1: 0.5 63 55 71 55 244
600585 accuracy: 0.4672131147540984 F1: 0.4491525423728814 53 61 89 41 244
600637 accuracy: 0.48523206751054854 F1: 0.5158730158730158 65 50 42 80 237
600690 accuracy: 0.4977168949771689 F1: 0.4444444444444445 44 65 84 26 219
600705 accuracy: 0.5125 F1: 0.4657534246575342 51 72 56 61 240
600795 accuracy: 0.5874439461883408 F1: 0.25806451612903225 16 115 77 15 223
600837 accuracy: 0.48360655737704916 F1: 0.5594405594405595 80 38 21 105 244
600886 accuracy: 0.5223214285714286 F1: 0.45128205128205134 44 73 58 49 224
600887 accuracy: 0.538135593220339 F1: 0.5791505791505792 75 52 59 50 236


    n = 2
    LR = 0.0005
    EPOCH = 250
    train_end = 1/3
    inputsize = 4

000001 accuracy: 0.5122950819672131 F1: 0.47111111111111115 53 72 66 53 244
000002 accuracy: 0.49246231155778897 F1: 0.4540540540540541 42 56 59 42 199
000063 accuracy: 0.5278969957081545 F1: 0.6126760563380282 87 36 41 69 233
000069 accuracy: 0.5304347826086957 F1: 0.5344827586206897 62 60 55 53 230
000166 accuracy: 0.5545851528384279 F1: 0.5526315789473684 63 64 32 70 229
000333 accuracy: 0.5041666666666667 F1: 0.6098360655737705 93 28 36 83 240
000538 accuracy: 0.5072463768115942 F1: 0.5446428571428571 61 44 42 60 207
000625 accuracy: 0.5066079295154186 F1: 0.39784946236559143 37 78 69 43 227
000651 accuracy: 0.5463917525773195 F1: 0.48235294117647054 41 65 61 27 194
000725 accuracy: 0.5390946502057613 F1: 0.28205128205128205 22 109 101 11 243
000776 accuracy: 0.47950819672131145 F1: 0.5512367491166078 78 39 28 99 244
000858 accuracy: 0.5848214285714286 F1: 0.6889632107023411 103 28 17 76 224
000895 accuracy: 0.5819672131147541 F1: 0.6046511627906976 78 64 47 55 244
002024 accuracy: 0.5435684647302904 F1: 0.638157894736842 97 34 20 90 241
002252 accuracy: 0.5502392344497608 F1: 0.5480769230769231 57 58 40 54 209
002304 accuracy: 0.48770491803278687 F1: 0.5318352059925093 71 48 61 64 244
002415 accuracy: 0.5173913043478261 F1: 0.5110132158590308 58 61 72 39 230
002594 accuracy: 0.5435684647302904 F1: 0.5416666666666666 65 66 54 56 241
002736 accuracy: 0.4793388429752066 F1: 0.3368421052631579 32 84 64 62 242
002739 accuracy: 0.4625 F1: 0.3676470588235294 25 49 50 36 160
300059 accuracy: 0.5663716814159292 F1: 0.43678160919540227 38 90 67 31 226
300104 accuracy: 0.5263157894736842 F1: 0.5531914893617021 39 31 13 50 133
600000 accuracy: 0.4700854700854701 F1: 0.4513274336283186 51 59 48 76 234
600010 accuracy: 0.5286885245901639 F1: 0.5344129554655871 66 63 45 70 244
600015 accuracy: 0.48360655737704916 F1: 0.5563380281690141 79 39 24 102 244
600016 accuracy: 0.5245901639344263 F1: 0.32558139534883723 28 100 74 42 244
600018 accuracy: 0.49794238683127573 F1: 0.31460674157303364 28 93 105 17 243
600019 accuracy: 0.5093457943925234 F1: 0.5414847161572052 62 47 49 56 214
600023 accuracy: 0.5286885245901639 F1: 0.484304932735426 54 75 54 61 244
600028 accuracy: 0.569672131147541 F1: 0.10256410256410256 6 133 100 5 244
600030 accuracy: 0.5409836065573771 F1: 0.5371900826446281 65 67 52 60 244
600036 accuracy: 0.5061728395061729 F1: 0.5238095238095237 66 57 59 61 243
600048 accuracy: 0.47520661157024796 F1: 0.47302904564315357 57 58 69 58 242
600050 accuracy: 0.5352112676056338 F1: 0.3694267515923566 29 85 62 37 213
600104 accuracy: 0.5504201680672269 F1: 0.5737051792828686 72 59 55 52 238
600111 accuracy: 0.5 F1: 0.512 64 58 58 64 244
600115 accuracy: 0.5083333333333333 F1: 0.4158415841584159 42 80 74 44 240
600276 accuracy: 0.5081967213114754 F1: 0.5 60 64 83 37 244
600340 accuracy: 0.497907949790795 F1: 0.5454545454545455 72 47 49 71 239
600485 accuracy: 0.5112781954887218 F1: 0.49612403100775193 32 36 31 34 133
600518 accuracy: 0.48333333333333334 F1: 0.41509433962264153 44 72 76 48 240
600519 accuracy: 0.4918032786885246 F1: 0.5193798449612403 67 53 67 57 244
600585 accuracy: 0.45491803278688525 F1: 0.4571428571428572 56 55 86 47 244
600637 accuracy: 0.5358649789029536 F1: 0.47115384615384615 49 78 58 52 237
600690 accuracy: 0.4794520547945205 F1: 0.40625 39 66 89 25 219
600705 accuracy: 0.525 F1: 0.4411764705882353 45 81 62 52 240
600795 accuracy: 0.5874439461883408 F1: 0.23333333333333336 14 117 79 13 223
600837 accuracy: 0.48360655737704916 F1: 0.5263157894736842 70 48 31 95 244
600886 accuracy: 0.5223214285714286 F1: 0.4455958549222798 43 74 59 48 224
600887 accuracy: 0.5211864406779662 F1: 0.5533596837944663 70 53 64 49 236


    n = 2
    LR = 0.0008
    EPOCH = 100
    train_end = 1/3
    inputsize = 4

000001 accuracy: 0.5163934426229508 F1: 0.41 41 85 78 40 244
000002 accuracy: 0.5125628140703518 F1: 0.5174129353233831 52 50 49 48 199
000063 accuracy: 0.5150214592274678 F1: 0.570342205323194 75 45 53 60 233
000069 accuracy: 0.5347826086956522 F1: 0.5367965367965368 62 61 55 52 230
000166 accuracy: 0.5502183406113537 F1: 0.5502183406113537 63 63 32 71 229
000333 accuracy: 0.5 F1: 0.5312500000000001 68 52 61 59 240
000538 accuracy: 0.5072463768115942 F1: 0.5526315789473684 63 42 40 62 207
000625 accuracy: 0.5110132158590308 F1: 0.44776119402985076 45 71 61 50 227
000651 accuracy: 0.5670103092783505 F1: 0.5625 54 56 48 36 194
000725 accuracy: 0.5432098765432098 F1: 0.31055900621118016 25 107 98 13 243
000776 accuracy: 0.4672131147540984 F1: 0.5185185185185185 70 44 36 94 244
000858 accuracy: 0.5580357142857143 F1: 0.6574394463667821 95 30 25 74 224
000895 accuracy: 0.5942622950819673 F1: 0.6055776892430278 76 69 49 50 244
002024 accuracy: 0.5269709543568465 F1: 0.6041666666666666 87 40 30 84 241
002252 accuracy: 0.5311004784688995 F1: 0.5148514851485149 52 59 45 53 209
002304 accuracy: 0.5614754098360656 F1: 0.5523012552301255 66 71 66 41 244
002415 accuracy: 0.5304347826086957 F1: 0.5304347826086957 61 61 69 39 230
002594 accuracy: 0.5435684647302904 F1: 0.5416666666666666 65 66 54 56 241
002736 accuracy: 0.45041322314049587 F1: 0.4192139737991266 48 61 48 85 242
002739 accuracy: 0.4875 F1: 0.4142857142857143 29 49 46 36 160
300059 accuracy: 0.5663716814159292 F1: 0.4615384615384615 42 86 63 35 226
300104 accuracy: 0.47368421052631576 F1: 0.5333333333333333 40 23 12 58 133
600000 accuracy: 0.4658119658119658 F1: 0.371859296482412 37 72 62 63 234
600010 accuracy: 0.569672131147541 F1: 0.5116279069767442 55 84 56 49 244
600015 accuracy: 0.46311475409836067 F1: 0.5201465201465202 71 42 32 99 244
600016 accuracy: 0.5163934426229508 F1: 0.358695652173913 33 93 69 49 244
600018 accuracy: 0.49382716049382713 F1: 0.29714285714285715 26 94 107 16 243
600019 accuracy: 0.5233644859813084 F1: 0.5677966101694916 67 45 44 58 214
600023 accuracy: 0.5163934426229508 F1: 0.3586956521739131 33 93 75 43 244
600028 accuracy: 0.5655737704918032 F1: 0.1016949152542373 6 132 100 6 244
600030 accuracy: 0.5409836065573771 F1: 0.5371900826446281 65 67 52 60 244
600036 accuracy: 0.5102880658436214 F1: 0.502092050209205 60 64 65 54 243
600048 accuracy: 0.4793388429752066 F1: 0.47058823529411764 56 60 70 56 242
600050 accuracy: 0.5258215962441315 F1: 0.31292517006802717 23 89 68 33 213
600104 accuracy: 0.5168067226890757 F1: 0.5064377682403434 59 64 68 47 238
600111 accuracy: 0.5163934426229508 F1: 0.528 66 60 56 62 244
600115 accuracy: 0.5083333333333333 F1: 0.4380952380952381 46 76 70 48 240
600276 accuracy: 0.48770491803278687 F1: 0.558303886925795 79 40 64 61 244
600340 accuracy: 0.502092050209205 F1: 0.5405405405405407 70 50 51 68 239
600485 accuracy: 0.5037593984962406 F1: 0.5 33 34 30 36 133
600518 accuracy: 0.44583333333333336 F1: 0.34482758620689663 35 72 85 48 240
600519 accuracy: 0.48360655737704916 F1: 0.4836065573770491 59 59 75 51 244
600585 accuracy: 0.47540983606557374 F1: 0.452991452991453 53 63 89 39 244
600637 accuracy: 0.510548523206751 F1: 0.4821428571428571 54 67 53 63 237
600690 accuracy: 0.4931506849315068 F1: 0.44221105527638194 44 64 84 27 219
600705 accuracy: 0.5083333333333333 F1: 0.45871559633027525 50 72 57 61 240
600795 accuracy: 0.5874439461883408 F1: 0.2698412698412698 17 114 76 16 223
600837 accuracy: 0.47950819672131145 F1: 0.5096525096525096 66 51 35 92 244
600886 accuracy: 0.5401785714285714 F1: 0.455026455026455 43 78 59 44 224
600887 accuracy: 0.5338983050847458 F1: 0.5833333333333333 77 49 57 53 236

    n = 2
    LR = 0.0008
    EPOCH = 150
    train_end = 1/3
    inputsize = 4


000001 accuracy: 0.5286885245901639 F1: 0.5147679324894515 61 68 58 57 244
000002 accuracy: 0.507537688442211 F1: 0.449438202247191 40 61 61 37 199
000063 accuracy: 0.5107296137339056 F1: 0.564885496183206 74 45 54 60 233
000069 accuracy: 0.5260869565217391 F1: 0.5281385281385282 61 60 56 53 230
000166 accuracy: 0.5458515283842795 F1: 0.5398230088495575 61 64 34 70 229
000333 accuracy: 0.5291666666666667 F1: 0.6412698412698412 101 26 28 85 240
000538 accuracy: 0.5072463768115942 F1: 0.5405405405405406 60 45 43 59 207
000625 accuracy: 0.5022026431718062 F1: 0.3825136612021858 35 79 71 42 227
000651 accuracy: 0.5515463917525774 F1: 0.4912280701754386 42 65 60 27 194
000725 accuracy: 0.551440329218107 F1: 0.31446540880503143 25 109 98 11 243
000776 accuracy: 0.46311475409836067 F1: 0.5338078291814946 75 38 31 100 244
000858 accuracy: 0.5535714285714286 F1: 0.6503496503496503 93 31 27 73 224
000895 accuracy: 0.5737704918032787 F1: 0.6176470588235294 84 56 41 63 244
002024 accuracy: 0.5394190871369294 F1: 0.6262626262626263 93 37 24 87 241
002252 accuracy: 0.5550239234449761 F1: 0.5592417061611373 59 57 38 55 209
002304 accuracy: 0.5245901639344263 F1: 0.5886524822695035 83 45 49 67 244
002415 accuracy: 0.5 F1: 0.4748858447488585 52 63 78 37 230
002594 accuracy: 0.5435684647302904 F1: 0.5416666666666666 65 66 54 56 241
002736 accuracy: 0.44214876033057854 F1: 0.34782608695652173 36 71 60 75 242
002739 accuracy: 0.45625 F1: 0.3358778625954198 22 51 53 34 160
300059 accuracy: 0.5663716814159292 F1: 0.44318181818181823 39 89 66 32 226
300104 accuracy: 0.5413533834586466 F1: 0.5547445255474452 38 34 14 47 133
600000 accuracy: 0.48717948717948717 F1: 0.4174757281553398 43 71 56 64 234
600010 accuracy: 0.5245901639344263 F1: 0.5126050420168068 61 67 50 66 244
600015 accuracy: 0.47950819672131145 F1: 0.5278810408921932 71 46 32 95 244
600016 accuracy: 0.5245901639344263 F1: 0.34831460674157305 31 97 71 45 244
600018 accuracy: 0.4897119341563786 F1: 0.31111111111111106 28 91 105 19 243
600019 accuracy: 0.5467289719626168 F1: 0.5872340425531914 69 48 42 55 214
600023 accuracy: 0.5327868852459017 F1: 0.4864864864864865 54 76 54 60 244
600028 accuracy: 0.5778688524590164 F1: 0.10434782608695653 6 135 100 3 244
600030 accuracy: 0.5409836065573771 F1: 0.5371900826446281 65 67 52 60 244
600036 accuracy: 0.49794238683127573 F1: 0.48739495798319327 58 63 67 55 243
600048 accuracy: 0.49586776859504134 F1: 0.512 64 56 62 60 242
600050 accuracy: 0.5586854460093896 F1: 0.3188405797101449 22 97 69 25 213
600104 accuracy: 0.5546218487394958 F1: 0.5725806451612905 71 61 56 50 238
600111 accuracy: 0.5081967213114754 F1: 0.5238095238095238 66 58 56 64 244
600115 accuracy: 0.5125 F1: 0.44019138755980863 46 77 70 47 240
600276 accuracy: 0.4672131147540984 F1: 0.4881889763779527 62 52 81 49 244
600340 accuracy: 0.49372384937238495 F1: 0.5179282868525896 65 53 56 65 239
600485 accuracy: 0.5037593984962406 F1: 0.47619047619047616 30 37 33 33 133
600518 accuracy: 0.475 F1: 0.3368421052631579 32 82 88 38 240
600519 accuracy: 0.47950819672131145 F1: 0.5019607843137254 64 53 70 57 244
600585 accuracy: 0.45491803278688525 F1: 0.465863453815261 58 53 84 49 244
600637 accuracy: 0.5527426160337553 F1: 0.48543689320388356 50 81 57 49 237
600690 accuracy: 0.5068493150684932 F1: 0.47058823529411764 48 63 80 28 219
600705 accuracy: 0.5041666666666667 F1: 0.4251207729468599 44 77 63 56 240
600795 accuracy: 0.5695067264573991 F1: 0.26153846153846155 17 110 76 20 223
600837 accuracy: 0.4713114754098361 F1: 0.5505226480836236 79 36 22 107 244
600886 accuracy: 0.5357142857142857 F1: 0.44680851063829785 42 78 60 44 224
600887 accuracy: 0.4957627118644068 F1: 0.5333333333333333 68 49 66 53 236

    n = 2
    LR = 0.0008
    EPOCH = 200
    train_end = 1/3
    inputsize = 4

000001 accuracy: 0.5245901639344263 F1: 0.5084745762711864 60 68 59 57 244
000002 accuracy: 0.5276381909547738 F1: 0.4835164835164835 44 61 57 37 199
000063 accuracy: 0.5064377682403434 F1: 0.5818181818181818 80 38 48 67 233
000069 accuracy: 0.5217391304347826 F1: 0.5299145299145299 62 58 55 55 230
000166 accuracy: 0.5545851528384279 F1: 0.5405405405405405 60 67 35 67 229
000333 accuracy: 0.5208333333333334 F1: 0.63258785942492 99 26 30 85 240
000538 accuracy: 0.5265700483091788 F1: 0.5663716814159293 64 45 39 59 207
000625 accuracy: 0.5110132158590308 F1: 0.4064171122994652 38 78 68 43 227
000651 accuracy: 0.5257731958762887 F1: 0.4390243902439025 36 66 66 26 194
000725 accuracy: 0.5596707818930041 F1: 0.37426900584795325 32 104 91 16 243
000776 accuracy: 0.4385245901639344 F1: 0.5448504983388704 82 25 24 113 244
000858 accuracy: 0.5892857142857143 F1: 0.6870748299319729 101 31 19 73 224
000895 accuracy: 0.5942622950819673 F1: 0.6055776892430278 76 69 49 50 244
002024 accuracy: 0.5435684647302904 F1: 0.638157894736842 97 34 20 90 241
002252 accuracy: 0.5550239234449761 F1: 0.5279187817258884 52 64 45 48 209
002304 accuracy: 0.5040983606557377 F1: 0.5217391304347826 66 57 66 55 244
002415 accuracy: 0.5130434782608696 F1: 0.5087719298245614 58 60 72 40 230
002594 accuracy: 0.5477178423236515 F1: 0.5477178423236515 66 66 53 56 241
002736 accuracy: 0.47520661157024796 F1: 0.3350785340314136 32 83 64 63 242
002739 accuracy: 0.46875 F1: 0.3703703703703704 25 50 50 35 160
300059 accuracy: 0.5663716814159292 F1: 0.43023255813953487 37 91 68 30 226
300104 accuracy: 0.518796992481203 F1: 0.536231884057971 37 32 15 49 133
600000 accuracy: 0.4700854700854701 F1: 0.4608695652173913 53 57 46 78 234
600010 accuracy: 0.5286885245901639 F1: 0.5064377682403434 59 70 52 63 244
600015 accuracy: 0.48770491803278687 F1: 0.5421245421245422 74 45 29 96 244
600016 accuracy: 0.5450819672131147 F1: 0.37988826815642457 34 99 68 43 244
600018 accuracy: 0.5185185185185185 F1: 0.4292682926829269 44 82 89 28 243
600019 accuracy: 0.5280373831775701 F1: 0.547085201793722 61 52 50 51 214
600023 accuracy: 0.5368852459016393 F1: 0.47441860465116276 51 80 57 56 244
600028 accuracy: 0.569672131147541 F1: 0.10256410256410256 6 133 100 5 244
600030 accuracy: 0.5450819672131147 F1: 0.5394190871369294 65 68 52 59 244
600036 accuracy: 0.5020576131687243 F1: 0.4979253112033195 60 62 65 56 243
600048 accuracy: 0.48760330578512395 F1: 0.4789915966386555 57 61 69 55 242
600050 accuracy: 0.539906103286385 F1: 0.3875 31 84 60 38 213
600104 accuracy: 0.5672268907563025 F1: 0.596078431372549 76 59 51 52 238
600111 accuracy: 0.5204918032786885 F1: 0.5301204819277109 66 61 56 61 244
600115 accuracy: 0.5083333333333333 F1: 0.38541666666666674 37 85 79 39 240
600276 accuracy: 0.4713114754098361 F1: 0.5204460966542751 70 45 73 56 244
600340 accuracy: 0.4895397489539749 F1: 0.5271317829457365 68 49 53 69 239
600485 accuracy: 0.49624060150375937 F1: 0.47244094488188976 30 36 33 34 133
600518 accuracy: 0.4791666666666667 F1: 0.3315508021390375 31 84 89 36 240
600519 accuracy: 0.5 F1: 0.5481481481481482 74 48 60 62 244
600585 accuracy: 0.42213114754098363 F1: 0.3948497854077253 46 57 96 45 244
600637 accuracy: 0.5063291139240507 F1: 0.48908296943231444 56 64 51 66 237
600690 accuracy: 0.5114155251141552 F1: 0.4928909952606635 52 60 76 31 219
600705 accuracy: 0.5041666666666667 F1: 0.34972677595628415 32 89 75 44 240
600795 accuracy: 0.5739910313901345 F1: 0.3065693430656934 21 107 72 23 223
600837 accuracy: 0.48360655737704916 F1: 0.5499999999999999 77 41 24 102 244
600886 accuracy: 0.53125 F1: 0.39306358381502887 34 85 68 37 224
600887 accuracy: 0.4957627118644068 F1: 0.5102880658436215 62 55 72 47 236


    n = 2
    LR = 0.0008
    EPOCH = 200
    train_end = 1/3
    inputsize = 4

000001 accuracy: 0.5122950819672131 F1: 0.5182186234817814 64 61 55 64 244
000002 accuracy: 0.5477386934673367 F1: 0.5 45 64 56 34 199
000063 accuracy: 0.4892703862660944 F1: 0.5333333333333334 68 46 60 59 233
000069 accuracy: 0.5260869565217391 F1: 0.5281385281385282 61 60 56 53 230
000166 accuracy: 0.5458515283842795 F1: 0.5398230088495575 61 64 34 70 229
000333 accuracy: 0.5125 F1: 0.6285714285714286 99 24 30 87 240
000538 accuracy: 0.5217391304347826 F1: 0.56 63 45 40 59 207
000625 accuracy: 0.5374449339207048 F1: 0.42622950819672134 39 83 67 38 227
000651 accuracy: 0.5154639175257731 F1: 0.4404761904761904 37 63 65 29 194
000725 accuracy: 0.551440329218107 F1: 0.3910614525139665 35 99 88 21 243
000776 accuracy: 0.48360655737704916 F1: 0.5263157894736842 70 48 36 90 244
000858 accuracy: 0.5892857142857143 F1: 0.6933333333333332 104 28 16 76 224
000895 accuracy: 0.5532786885245902 F1: 0.5947955390334573 80 55 45 64 244
002024 accuracy: 0.5394190871369294 F1: 0.6312292358803987 95 35 22 89 241
002252 accuracy: 0.5598086124401914 F1: 0.5106382978723405 48 69 49 43 209
002304 accuracy: 0.5491803278688525 F1: 0.6180555555555556 89 45 43 67 244
002415 accuracy: 0.48695652173913045 F1: 0.4537037037037037 49 63 81 37 230
002594 accuracy: 0.5435684647302904 F1: 0.5528455284552845 68 63 51 59 241
002736 accuracy: 0.4834710743801653 F1: 0.44933920704845814 51 66 45 80 242
002739 accuracy: 0.46875 F1: 0.32 20 55 55 30 160
300059 accuracy: 0.5486725663716814 F1: 0.4204545454545454 37 87 68 34 226
300104 accuracy: 0.5413533834586466 F1: 0.5734265734265734 41 31 11 50 133
600000 accuracy: 0.5 F1: 0.44019138755980863 46 71 53 64 234
600010 accuracy: 0.5163934426229508 F1: 0.5163934426229508 63 63 48 70 244
600015 accuracy: 0.47540983606557374 F1: 0.5328467153284671 73 43 30 98 244
600016 accuracy: 0.5614754098360656 F1: 0.42780748663101603 40 97 62 45 244
600018 accuracy: 0.5349794238683128 F1: 0.43781094527363185 44 86 89 24 243
600019 accuracy: 0.5186915887850467 F1: 0.5690376569037656 68 43 43 60 214
600023 accuracy: 0.5204918032786885 F1: 0.4657534246575342 51 76 57 60 244
600028 accuracy: 0.5573770491803278 F1: 0.12903225806451613 8 128 98 10 244
600030 accuracy: 0.5450819672131147 F1: 0.5432098765432098 66 67 51 60 244
600036 accuracy: 0.5102880658436214 F1: 0.5142857142857143 63 61 62 57 243
600048 accuracy: 0.5082644628099173 F1: 0.49789029535864976 59 64 67 52 242
600050 accuracy: 0.539906103286385 F1: 0.3875 31 84 60 38 213
600104 accuracy: 0.5630252100840336 F1: 0.6 78 56 49 55 238
600111 accuracy: 0.5163934426229508 F1: 0.528 66 60 56 62 244
600115 accuracy: 0.525 F1: 0.44660194174757284 46 80 70 44 240
600276 accuracy: 0.5163934426229508 F1: 0.6013513513513514 89 37 54 64 244
600340 accuracy: 0.46443514644351463 F1: 0.5 64 47 57 71 239
600485 accuracy: 0.5263157894736842 F1: 0.4793388429752066 29 41 34 29 133
600518 accuracy: 0.45416666666666666 F1: 0.37320574162679426 39 70 81 50 240
600519 accuracy: 0.5122950819672131 F1: 0.5672727272727273 78 47 56 63 244
600585 accuracy: 0.42213114754098363 F1: 0.38961038961038963 45 58 97 44 244
600637 accuracy: 0.5147679324894515 F1: 0.4933920704845815 56 66 51 64 237
600690 accuracy: 0.5205479452054794 F1: 0.5291479820627802 59 55 69 36 219
600705 accuracy: 0.5208333333333334 F1: 0.41025641025641024 40 85 67 48 240
600795 accuracy: 0.5650224215246636 F1: 0.24806201550387594 16 110 77 20 223
600837 accuracy: 0.5122950819672131 F1: 0.46636771300448426 52 73 49 70 244
600886 accuracy: 0.5133928571428571 F1: 0.3910614525139665 35 80 67 42 224
600887 accuracy: 0.5084745762711864 F1: 0.5703703703703703 77 43 57 59 236


    n = 2
    LR = 0.0016
    EPOCH = 100
    train_end = 1/3
    inputsize = 4

000001 accuracy: 0.5122950819672131 F1: 0.4978902953586498 59 66 60 59 244
000002 accuracy: 0.5226130653266332 F1: 0.43113772455089816 36 68 65 30 199
000063 accuracy: 0.5107296137339056 F1: 0.6148648648648649 91 28 37 77 233
000069 accuracy: 0.5260869565217391 F1: 0.5281385281385282 61 60 56 53 230
000166 accuracy: 0.5458515283842795 F1: 0.543859649122807 62 63 33 71 229
000333 accuracy: 0.5083333333333333 F1: 0.6066666666666667 91 31 38 80 240
000538 accuracy: 0.5265700483091788 F1: 0.5882352941176471 70 39 33 65 207
000625 accuracy: 0.5286343612334802 F1: 0.42780748663101603 40 80 66 41 227
000651 accuracy: 0.5360824742268041 F1: 0.48863636363636365 43 61 59 31 194
000725 accuracy: 0.5555555555555556 F1: 0.3414634146341463 28 107 95 13 243
000776 accuracy: 0.4672131147540984 F1: 0.5666666666666667 85 29 21 109 244
000858 accuracy: 0.5580357142857143 F1: 0.5959183673469387 73 52 47 52 224
000895 accuracy: 0.5942622950819673 F1: 0.6024096385542169 75 70 50 49 244
002024 accuracy: 0.5394190871369294 F1: 0.6336633663366337 96 34 21 90 241
002252 accuracy: 0.569377990430622 F1: 0.5631067961165048 58 61 39 51 209
002304 accuracy: 0.4918032786885246 F1: 0.5338345864661654 71 49 61 63 244
002415 accuracy: 0.49130434782608695 F1: 0.47058823529411764 52 61 78 39 230
002594 accuracy: 0.5435684647302904 F1: 0.5416666666666666 65 66 54 56 241
002736 accuracy: 0.4793388429752066 F1: 0.3225806451612903 30 86 66 60 242
002739 accuracy: 0.475 F1: 0.3731343283582089 25 51 50 34 160
300059 accuracy: 0.5575221238938053 F1: 0.41176470588235287 35 91 70 30 226
300104 accuracy: 0.556390977443609 F1: 0.5874125874125875 42 32 10 49 133
600000 accuracy: 0.47435897435897434 F1: 0.4853556485355649 58 53 41 82 234
600010 accuracy: 0.5450819672131147 F1: 0.48372093023255813 52 81 59 52 244
600015 accuracy: 0.44672131147540983 F1: 0.5659163987138264 88 21 15 120 244
600016 accuracy: 0.5491803278688525 F1: 0.34523809523809523 29 105 73 37 244
600018 accuracy: 0.49794238683127573 F1: 0.3775510204081633 37 84 96 26 243
600019 accuracy: 0.5420560747663551 F1: 0.5545454545454546 61 55 50 48 214
600023 accuracy: 0.5368852459016393 F1: 0.5108225108225107 59 72 49 64 244
600028 accuracy: 0.569672131147541 F1: 0.05405405405405406 3 136 103 2 244
600030 accuracy: 0.5409836065573771 F1: 0.5371900826446281 65 67 52 60 244
600036 accuracy: 0.5267489711934157 F1: 0.5147679324894514 61 67 64 51 243
600048 accuracy: 0.49586776859504134 F1: 0.5 61 59 65 57 242
600050 accuracy: 0.5492957746478874 F1: 0.323943661971831 23 94 68 28 213
600104 accuracy: 0.5588235294117647 F1: 0.5679012345679012 69 64 58 47 238
600111 accuracy: 0.5122950819672131 F1: 0.49361702127659574 58 67 64 55 244
600115 accuracy: 0.5125 F1: 0.387434554973822 37 86 79 38 240
600276 accuracy: 0.4918032786885246 F1: 0.5602836879432623 79 41 64 60 244
600340 accuracy: 0.502092050209205 F1: 0.536964980544747 69 51 52 67 239
600485 accuracy: 0.5112781954887218 F1: 0.4881889763779527 31 37 32 33 133
600518 accuracy: 0.48333333333333334 F1: 0.37999999999999995 38 78 82 42 240
600519 accuracy: 0.4918032786885246 F1: 0.5230769230769231 68 52 66 58 244
600585 accuracy: 0.4262295081967213 F1: 0.375 42 62 100 40 244
600637 accuracy: 0.48523206751054854 F1: 0.5040650406504065 62 53 45 77 237
600690 accuracy: 0.502283105022831 F1: 0.4930232558139535 53 57 75 34 219
600705 accuracy: 0.5208333333333334 F1: 0.33526011560693636 29 96 78 37 240
600795 accuracy: 0.5605381165919282 F1: 0.3194444444444445 23 102 70 28 223
600837 accuracy: 0.5122950819672131 F1: 0.48034934497816595 55 70 46 73 244
600886 accuracy: 0.5 F1: 0.3846153846153846 35 77 67 45 224
600887 accuracy: 0.5254237288135594 F1: 0.5942028985507247 82 42 52 60 236


    n = 2
    LR = 0.0016
    EPOCH = 150
    train_end = 1/3
    inputsize = 4

000001 accuracy: 0.5163934426229508 F1: 0.5530303030303031 73 53 46 72 244
000002 accuracy: 0.5326633165829145 F1: 0.5130890052356021 49 57 52 41 199
000063 accuracy: 0.48497854077253216 F1: 0.5 60 53 68 52 233
000069 accuracy: 0.5173913043478261 F1: 0.5194805194805194 60 59 57 54 230
000166 accuracy: 0.5414847161572053 F1: 0.5374449339207048 61 63 34 71 229
000333 accuracy: 0.525 F1: 0.6346153846153847 99 27 30 84 240
000538 accuracy: 0.5120772946859904 F1: 0.5388127853881278 59 47 44 57 207
000625 accuracy: 0.5506607929515418 F1: 0.45161290322580644 42 83 64 38 227
000651 accuracy: 0.5154639175257731 F1: 0.4659090909090909 41 59 61 33 194
000725 accuracy: 0.5761316872427984 F1: 0.430939226519337 39 101 84 19 243
000776 accuracy: 0.4713114754098361 F1: 0.5239852398523984 71 44 35 94 244
000858 accuracy: 0.6071428571428571 F1: 0.6834532374100719 95 41 25 63 224
000895 accuracy: 0.6065573770491803 F1: 0.6065573770491803 74 74 51 45 244
002024 accuracy: 0.5352697095435685 F1: 0.6216216216216216 92 37 25 87 241
002252 accuracy: 0.5645933014354066 F1: 0.5081081081081081 47 71 50 41 209
002304 accuracy: 0.5204918032786885 F1: 0.5551330798479087 73 54 59 58 244
002415 accuracy: 0.47391304347826085 F1: 0.4474885844748858 49 60 81 40 230
002594 accuracy: 0.5394190871369294 F1: 0.54320987654321 66 64 53 58 241
002736 accuracy: 0.5082644628099173 F1: 0.3636363636363636 34 89 62 57 242
002739 accuracy: 0.4625 F1: 0.3384615384615385 22 52 53 33 160
300059 accuracy: 0.5619469026548672 F1: 0.42105263157894735 36 91 69 30 226
300104 accuracy: 0.5639097744360902 F1: 0.6081081081081081 45 30 7 51 133
600000 accuracy: 0.4700854700854701 F1: 0.4414414414414415 49 61 50 74 234
600010 accuracy: 0.5286885245901639 F1: 0.5147679324894515 61 68 50 65 244
600015 accuracy: 0.44672131147540983 F1: 0.5484949832775919 82 27 21 114 244
600016 accuracy: 0.5573770491803278 F1: 0.41935483870967744 39 97 63 45 244
600018 accuracy: 0.5185185185185185 F1: 0.40609137055837563 40 86 93 24 243
600019 accuracy: 0.5 F1: 0.5158371040723982 57 50 54 53 214
600023 accuracy: 0.48770491803278687 F1: 0.3961352657004831 41 78 67 58 244
600028 accuracy: 0.5409836065573771 F1: 0.11111111111111112 7 125 99 13 244
600030 accuracy: 0.5409836065573771 F1: 0.5371900826446281 65 67 52 60 244
600036 accuracy: 0.4773662551440329 F1: 0.41474654377880177 45 71 80 47 243
600048 accuracy: 0.5165289256198347 F1: 0.5224489795918368 64 61 62 55 242
600050 accuracy: 0.5305164319248826 F1: 0.33333333333333337 25 88 66 34 213
600104 accuracy: 0.5588235294117647 F1: 0.6096654275092938 82 51 45 60 238
600111 accuracy: 0.5163934426229508 F1: 0.5 59 67 63 55 244
600115 accuracy: 0.49166666666666664 F1: 0.37113402061855666 36 82 80 42 240
600276 accuracy: 0.5286885245901639 F1: 0.5627376425855514 74 55 69 46 244
600340 accuracy: 0.4811715481171548 F1: 0.4095238095238095 43 72 78 46 239
600485 accuracy: 0.5037593984962406 F1: 0.5 33 34 30 36 133
600518 accuracy: 0.4625 F1: 0.3582089552238806 36 75 84 45 240
600519 accuracy: 0.46311475409836067 F1: 0.48221343873517786 61 52 73 58 244
600585 accuracy: 0.4139344262295082 F1: 0.3862660944206009 45 56 97 46 244
600637 accuracy: 0.5232067510548524 F1: 0.4644549763033175 49 75 58 55 237
600690 accuracy: 0.4931506849315068 F1: 0.5152838427947598 59 49 69 42 219
600705 accuracy: 0.5333333333333333 F1: 0.36363636363636365 32 96 75 37 240
600795 accuracy: 0.5201793721973094 F1: 0.28187919463087246 21 95 72 35 223
600837 accuracy: 0.5204918032786885 F1: 0.4753363228699552 53 74 48 69 244
600886 accuracy: 0.5178571428571429 F1: 0.36470588235294116 31 85 71 37 224
600887 accuracy: 0.4661016949152542 F1: 0.47058823529411764 56 54 78 48 236


    n = 2
    LR = 0.0016
    EPOCH = 200
    train_end = 1/3
    inputsize = 4

000001 accuracy: 0.5491803278688525 F1: 0.5634920634920635 71 63 48 62 244
000002 accuracy: 0.5276381909547738 F1: 0.5688073394495412 62 43 39 55 199
000063 accuracy: 0.5064377682403434 F1: 0.5724907063197026 77 41 51 64 233
000069 accuracy: 0.49130434782608695 F1: 0.49350649350649345 57 56 60 57 230
000166 accuracy: 0.5109170305676856 F1: 0.5409836065573771 66 51 29 83 229
000333 accuracy: 0.5291666666666667 F1: 0.6319218241042345 97 30 32 81 240
000538 accuracy: 0.5555555555555556 F1: 0.6198347107438017 75 40 28 64 207
000625 accuracy: 0.5242290748898678 F1: 0.41935483870967744 39 80 67 41 227
000651 accuracy: 0.5721649484536082 F1: 0.5870646766169154 59 52 43 40 194
000725 accuracy: 0.5432098765432098 F1: 0.418848167539267 40 92 83 28 243
000776 accuracy: 0.4959016393442623 F1: 0.5099601593625499 64 57 42 81 244
000858 accuracy: 0.5669642857142857 F1: 0.6689419795221844 98 29 22 75 224
000895 accuracy: 0.5860655737704918 F1: 0.6159695817490495 81 62 44 57 244
002024 accuracy: 0.5228215767634855 F1: 0.5993031358885017 86 40 31 84 241
002252 accuracy: 0.5550239234449761 F1: 0.5130890052356021 49 67 48 45 209
002304 accuracy: 0.5040983606557377 F1: 0.48068669527896996 56 67 76 45 244
002415 accuracy: 0.49130434782608695 F1: 0.46082949308755766 50 63 80 37 230
002594 accuracy: 0.5352697095435685 F1: 0.5409836065573771 66 63 53 59 241
002736 accuracy: 0.5206611570247934 F1: 0.35555555555555557 32 94 64 52 242
002739 accuracy: 0.50625 F1: 0.4316546762589928 30 51 45 34 160
300059 accuracy: 0.5309734513274337 F1: 0.4111111111111111 37 83 68 38 226
300104 accuracy: 0.5112781954887218 F1: 0.5695364238410595 43 25 9 56 133
600000 accuracy: 0.46153846153846156 F1: 0.4705882352941176 56 52 43 83 234
600010 accuracy: 0.5614754098360656 F1: 0.49765258215962443 53 84 58 49 244
600015 accuracy: 0.5204918032786885 F1: 0.5145228215767634 62 65 41 76 244
600016 accuracy: 0.5532786885245902 F1: 0.4171122994652406 39 96 63 46 244
600018 accuracy: 0.5390946502057613 F1: 0.504424778761062 57 74 76 36 243
600019 accuracy: 0.4766355140186916 F1: 0.48623853211009177 53 49 58 54 214
600023 accuracy: 0.5286885245901639 F1: 0.46511627906976744 50 79 58 57 244
600028 accuracy: 0.5450819672131147 F1: 0.3018867924528302 24 109 82 29 244
600030 accuracy: 0.5040983606557377 F1: 0.5020576131687243 61 62 56 65 244
600036 accuracy: 0.51440329218107 F1: 0.5874125874125875 84 41 41 77 243
600048 accuracy: 0.5495867768595041 F1: 0.5514403292181069 67 66 59 50 242
600050 accuracy: 0.5352112676056338 F1: 0.29787234042553196 21 93 70 29 213
600104 accuracy: 0.5504201680672269 F1: 0.5962264150943395 79 52 48 59 238
600111 accuracy: 0.5040983606557377 F1: 0.4851063829787234 57 66 65 56 244
600115 accuracy: 0.5375 F1: 0.463768115942029 48 81 68 43 240
600276 accuracy: 0.5491803278688525 F1: 0.6180555555555556 89 45 54 56 244
600340 accuracy: 0.4811715481171548 F1: 0.34736842105263155 33 82 88 36 239
600485 accuracy: 0.5263157894736842 F1: 0.5263157894736842 35 35 28 35 133
600518 accuracy: 0.4666666666666667 F1: 0.4336283185840708 49 63 71 57 240
600519 accuracy: 0.47540983606557374 F1: 0.4920634920634921 62 54 72 56 244
600585 accuracy: 0.42213114754098363 F1: 0.36199095022624433 40 63 102 39 244
600637 accuracy: 0.5189873417721519 F1: 0.5210084033613445 62 61 45 69 237
600690 accuracy: 0.4931506849315068 F1: 0.5110132158590308 58 50 70 41 219
600705 accuracy: 0.5083333333333333 F1: 0.3516483516483516 32 90 75 43 240
600795 accuracy: 0.5022421524663677 F1: 0.4 37 75 56 55 223
600837 accuracy: 0.5409836065573771 F1: 0.5371900826446282 65 67 36 76 244
600886 accuracy: 0.48214285714285715 F1: 0.3695652173913043 34 74 68 48 224
600887 accuracy: 0.4491525423728814 F1: 0.45378151260504207 54 52 80 50 236


    n = 2
    LR = 0.0016
    EPOCH = 250
    train_end = 1/3
    inputsize = 4

000001 accuracy: 0.5491803278688525 F1: 0.5 55 79 64 46 244
000002 accuracy: 0.5175879396984925 F1: 0.4666666666666667 42 61 59 37 199
000063 accuracy: 0.48497854077253216 F1: 0.5384615384615384 70 43 58 62 233
000069 accuracy: 0.48695652173913045 F1: 0.49137931034482757 57 55 60 58 230
000166 accuracy: 0.5240174672489083 F1: 0.5240174672489084 60 60 35 74 229
000333 accuracy: 0.55 F1: 0.6301369863013698 92 40 37 71 240
000538 accuracy: 0.5072463768115942 F1: 0.5565217391304348 64 41 39 63 207
000625 accuracy: 0.5198237885462555 F1: 0.4352331606217617 42 76 64 45 227
000651 accuracy: 0.5103092783505154 F1: 0.5365853658536585 55 44 47 48 194
000725 accuracy: 0.5185185185185185 F1: 0.3809523809523809 36 90 87 30 243
000776 accuracy: 0.4713114754098361 F1: 0.5132075471698113 68 47 38 91 244
000858 accuracy: 0.5803571428571429 F1: 0.6866666666666666 103 27 17 77 224
000895 accuracy: 0.5614754098360656 F1: 0.6323024054982818 92 45 33 74 244
002024 accuracy: 0.5352697095435685 F1: 0.6137931034482759 89 40 28 84 241
002252 accuracy: 0.5502392344497608 F1: 0.4719101123595506 42 73 55 39 209
002304 accuracy: 0.5204918032786885 F1: 0.5263157894736842 65 62 67 50 244
002415 accuracy: 0.45652173913043476 F1: 0.3961352657004831 41 64 89 36 230
002594 accuracy: 0.5518672199170125 F1: 0.5573770491803279 68 65 51 57 241
002736 accuracy: 0.5330578512396694 F1: 0.40211640211640215 38 91 58 55 242
002739 accuracy: 0.5 F1: 0.2452830188679245 13 67 62 18 160
300059 accuracy: 0.5265486725663717 F1: 0.43386243386243384 41 78 64 43 226
300104 accuracy: 0.46616541353383456 F1: 0.40336134453781514 24 38 28 43 133
600000 accuracy: 0.4444444444444444 F1: 0.3434343434343434 34 70 65 65 234
600010 accuracy: 0.5450819672131147 F1: 0.5110132158590308 58 75 53 58 244
600015 accuracy: 0.48360655737704916 F1: 0.5078125000000001 65 53 38 88 244
600016 accuracy: 0.5573770491803278 F1: 0.4857142857142857 51 85 51 57 244
600018 accuracy: 0.588477366255144 F1: 0.6000000000000001 75 68 58 42 243
600019 accuracy: 0.5373831775700935 F1: 0.5714285714285715 66 49 45 54 214
600023 accuracy: 0.5081967213114754 F1: 0.411764705882353 42 82 66 54 244
600028 accuracy: 0.5163934426229508 F1: 0.2891566265060241 24 102 82 36 244
600030 accuracy: 0.5040983606557377 F1: 0.4894514767932489 58 65 59 62 244
600036 accuracy: 0.5185185185185185 F1: 0.5714285714285714 78 48 47 70 243
600048 accuracy: 0.5247933884297521 F1: 0.5593869731800766 73 54 53 62 242
600050 accuracy: 0.5352112676056338 F1: 0.31724137931034485 23 91 68 31 213
600104 accuracy: 0.5630252100840336 F1: 0.6060606060606061 80 54 47 57 238
600111 accuracy: 0.4918032786885246 F1: 0.5267175572519084 69 51 53 71 244
600115 accuracy: 0.5416666666666666 F1: 0.40217391304347827 37 93 79 31 240
600276 accuracy: 0.5532786885245902 F1: 0.642622950819672 98 37 45 64 244
600340 accuracy: 0.4476987447698745 F1: 0.42105263157894735 48 59 73 59 239
600485 accuracy: 0.5037593984962406 F1: 0.5074626865671641 34 33 29 37 133
600518 accuracy: 0.4875 F1: 0.462882096069869 53 64 67 56 240
600519 accuracy: 0.5 F1: 0.5307692307692308 69 53 65 57 244
600585 accuracy: 0.45081967213114754 F1: 0.4416666666666667 53 57 89 45 244
600637 accuracy: 0.5443037974683544 F1: 0.5221238938053098 59 70 48 60 237
600690 accuracy: 0.4977168949771689 F1: 0.5217391304347826 60 49 68 42 219
600705 accuracy: 0.55 F1: 0.3793103448275862 33 99 74 34 240
600795 accuracy: 0.5067264573991032 F1: 0.3888888888888889 35 78 58 52 223
600837 accuracy: 0.5245901639344263 F1: 0.5206611570247933 63 65 38 78 244
600886 accuracy: 0.4955357142857143 F1: 0.43781094527363185 44 67 58 55 224
600887 accuracy: 0.5042372881355932 F1: 0.48000000000000004 54 65 80 37 236

**************************************************************************

    n = 3
    LR = 0.0005
    EPOCH = 100
    train_end = 1/3
    inputsize = 4

000001 accuracy: 0.4426229508196721 F1: 0.4426229508196721 54 54 65 71 244
000002 accuracy: 0.5376884422110553 F1: 0.5779816513761468 63 44 38 54 199
000063 accuracy: 0.4721030042918455 F1: 0.5622775800711745 79 31 49 74 233
000069 accuracy: 0.5 F1: 0.4748858447488584 52 63 65 50 230
000166 accuracy: 0.5633187772925764 F1: 0.5495495495495495 61 68 34 66 229
000333 accuracy: 0.5291666666666667 F1: 0.5637065637065638 73 54 56 57 240
000538 accuracy: 0.5410628019323671 F1: 0.5887445887445887 68 44 35 60 207
000625 accuracy: 0.5286343612334802 F1: 0.4830917874396135 50 70 56 51 227
000651 accuracy: 0.5670103092783505 F1: 0.5670103092783505 55 55 47 37 194
000725 accuracy: 0.5432098765432098 F1: 0.32727272727272727 27 105 96 15 243
000776 accuracy: 0.4918032786885246 F1: 0.5782312925170068 85 35 21 103 244
000858 accuracy: 0.5491071428571429 F1: 0.5976095617529881 75 48 45 56 224
000895 accuracy: 0.5573770491803278 F1: 0.6 81 55 44 64 244
002024 accuracy: 0.5394190871369294 F1: 0.6262626262626263 93 37 24 87 241
002252 accuracy: 0.5358851674641149 F1: 0.5221674876847291 53 59 44 53 209
002304 accuracy: 0.5655737704918032 F1: 0.5859375 75 63 57 49 244
002415 accuracy: 0.5347826086956522 F1: 0.48309178743961356 50 73 80 27 230
002594 accuracy: 0.5435684647302904 F1: 0.5378151260504201 64 67 55 55 241
002736 accuracy: 0.5537190082644629 F1: 0.4757281553398058 49 85 47 61 242
002739 accuracy: 0.45 F1: 0.3529411764705882 24 48 51 37 160
300059 accuracy: 0.584070796460177 F1: 0.48351648351648346 44 88 61 33 226
300104 accuracy: 0.44360902255639095 F1: 0.513157894736842 39 20 13 61 133
600000 accuracy: 0.5213675213675214 F1: 0.5294117647058825 63 59 36 76 234
600010 accuracy: 0.569672131147541 F1: 0.39306358381502887 34 105 77 28 244
600015 accuracy: 0.4672131147540984 F1: 0.5 65 49 38 92 244
600016 accuracy: 0.4918032786885246 F1: 0.3608247422680413 35 85 67 57 244
600018 accuracy: 0.48148148148148145 F1: 0.3076923076923077 28 89 105 21 243
600019 accuracy: 0.5046728971962616 F1: 0.5619834710743802 68 40 43 63 214
600023 accuracy: 0.5327868852459017 F1: 0.3870967741935484 36 94 72 42 244
600028 accuracy: 0.5368852459016393 F1: 0.3067484662576687 25 106 81 32 244
600030 accuracy: 0.5491803278688525 F1: 0.5454545454545455 66 68 51 59 244
600036 accuracy: 0.5102880658436214 F1: 0.5824561403508772 83 41 42 77 243
600048 accuracy: 0.5289256198347108 F1: 0.516949152542373 61 67 65 49 242
600050 accuracy: 0.5211267605633803 F1: 0.33766233766233766 26 85 65 37 213
600104 accuracy: 0.5462184873949579 F1: 0.546218487394958 65 65 62 46 238
600111 accuracy: 0.5450819672131147 F1: 0.5963636363636363 82 51 40 71 244
600115 accuracy: 0.5541666666666667 F1: 0.4780487804878049 49 84 67 40 240
600276 accuracy: 0.45081967213114754 F1: 0.4508196721311476 55 55 88 46 244
600340 accuracy: 0.49372384937238495 F1: 0.5061224489795918 62 56 59 62 239
600485 accuracy: 0.5338345864661654 F1: 0.5230769230769231 34 37 29 33 133
600518 accuracy: 0.5 F1: 0.45945945945945943 51 69 69 51 240
600519 accuracy: 0.5 F1: 0.551470588235294 75 47 59 63 244
600585 accuracy: 0.47950819672131145 F1: 0.4899598393574297 61 56 81 46 244
600637 accuracy: 0.46835443037974683 F1: 0.4836065573770491 59 52 48 78 237
600690 accuracy: 0.4794520547945205 F1: 0.4672897196261682 50 55 78 36 219
600705 accuracy: 0.5333333333333333 F1: 0.5130434782608695 59 69 48 64 240
600795 accuracy: 0.5650224215246636 F1: 0.19834710743801653 12 114 81 16 223
600837 accuracy: 0.45491803278688525 F1: 0.47011952191235057 59 52 42 91 244
600886 accuracy: 0.5535714285714286 F1: 0.3902439024390244 32 92 70 30 224
600887 accuracy: 0.5211864406779662 F1: 0.5568627450980391 71 52 63 50 236


    n = 3
    LR = 0.0005
    EPOCH = 150
    train_end = 1/3
    inputsize = 4

000001 accuracy: 0.44672131147540983 F1: 0.47058823529411764 60 49 59 76 244
000002 accuracy: 0.5527638190954773 F1: 0.5741626794258373 60 50 41 48 199
000063 accuracy: 0.4678111587982833 F1: 0.5507246376811593 76 33 52 72 233
000069 accuracy: 0.5043478260869565 F1: 0.46728971962616817 50 66 67 47 230
000166 accuracy: 0.5458515283842795 F1: 0.5478260869565217 63 62 32 72 229
000333 accuracy: 0.5458333333333333 F1: 0.6472491909385113 100 31 29 80 240
000538 accuracy: 0.5120772946859904 F1: 0.5589519650655022 64 42 39 62 207
000625 accuracy: 0.5330396475770925 F1: 0.5 53 68 53 53 227
000651 accuracy: 0.5670103092783505 F1: 0.5578947368421052 53 57 49 35 194
000725 accuracy: 0.5555555555555556 F1: 0.39999999999999997 36 99 87 21 243
000776 accuracy: 0.45081967213114754 F1: 0.5410958904109588 79 31 27 107 244
000858 accuracy: 0.5803571428571429 F1: 0.6384615384615385 83 47 37 57 224
000895 accuracy: 0.5204918032786885 F1: 0.6112956810631229 92 35 33 84 244
002024 accuracy: 0.5352697095435685 F1: 0.5942028985507246 82 47 35 77 241
002252 accuracy: 0.5263157894736842 F1: 0.5123152709359605 52 58 45 54 209
002304 accuracy: 0.5655737704918032 F1: 0.5691056910569104 70 68 62 44 244
002415 accuracy: 0.4782608695652174 F1: 0.38144329896907214 37 73 93 27 230
002594 accuracy: 0.5809128630705395 F1: 0.5910931174089069 73 67 46 55 241
002736 accuracy: 0.5826446280991735 F1: 0.5213270142180094 55 86 41 60 242
002739 accuracy: 0.44375 F1: 0.288 18 53 57 32 160
300059 accuracy: 0.5707964601769911 F1: 0.5076142131979695 50 79 55 42 226
300104 accuracy: 0.5112781954887218 F1: 0.5454545454545454 39 29 13 52 133
600000 accuracy: 0.49572649572649574 F1: 0.40404040404040403 40 76 59 59 234
600010 accuracy: 0.5491803278688525 F1: 0.39560439560439564 36 98 75 35 244
600015 accuracy: 0.46311475409836067 F1: 0.4738955823293172 59 54 44 87 244
600016 accuracy: 0.48360655737704916 F1: 0.35051546391752575 34 84 68 58 244
600018 accuracy: 0.4691358024691358 F1: 0.2456140350877193 21 93 112 17 243
600019 accuracy: 0.4766355140186916 F1: 0.5130434782608697 59 43 52 60 214
600023 accuracy: 0.48360655737704916 F1: 0.38235294117647056 39 79 69 57 244
600028 accuracy: 0.5040983606557377 F1: 0.39800995024875624 40 83 66 55 244
600030 accuracy: 0.5286885245901639 F1: 0.4978165938864628 57 72 60 55 244
600036 accuracy: 0.4732510288065844 F1: 0.5038759689922481 65 50 60 68 243
600048 accuracy: 0.5247933884297521 F1: 0.538152610441767 67 60 59 56 242
600050 accuracy: 0.5211267605633803 F1: 0.45161290322580644 42 69 49 53 213
600104 accuracy: 0.5378151260504201 F1: 0.5258620689655172 61 67 66 44 238
600111 accuracy: 0.5245901639344263 F1: 0.5322580645161291 66 62 56 60 244
600115 accuracy: 0.55 F1: 0.45454545454545453 45 87 71 37 240
600276 accuracy: 0.4672131147540984 F1: 0.4715447154471544 58 56 85 45 244
600340 accuracy: 0.4602510460251046 F1: 0.4901185770750988 62 48 59 70 239
600485 accuracy: 0.5413533834586466 F1: 0.548148148148148 37 35 26 35 133
600518 accuracy: 0.5333333333333333 F1: 0.49090909090909096 54 74 66 46 240
600519 accuracy: 0.5163934426229508 F1: 0.556390977443609 74 52 60 58 244
600585 accuracy: 0.47540983606557374 F1: 0.4666666666666667 56 60 86 42 244
600637 accuracy: 0.47257383966244726 F1: 0.4588744588744589 53 59 54 71 237
600690 accuracy: 0.4794520547945205 F1: 0.4770642201834862 52 53 76 38 219
600705 accuracy: 0.5041666666666667 F1: 0.430622009569378 45 76 62 57 240
600795 accuracy: 0.5560538116591929 F1: 0.2556390977443609 17 107 76 23 223
600837 accuracy: 0.45491803278688525 F1: 0.47843137254901963 61 50 40 93 244
600886 accuracy: 0.5178571428571429 F1: 0.41935483870967744 39 77 63 45 224
600887 accuracy: 0.5 F1: 0.5461538461538462 71 47 63 55 236

    n = 3
    LR = 0.0005
    EPOCH = 200
    train_end = 1/3
    inputsize = 4



000001 accuracy: 0.45081967213114754 F1: 0.48062015503875966 62 48 57 77 244
000002 accuracy: 0.5125628140703518 F1: 0.41916167664670656 35 67 66 31 199
000063 accuracy: 0.45064377682403434 F1: 0.488 61 44 67 61 233
000069 accuracy: 0.5043478260869565 F1: 0.48181818181818187 53 63 64 50 230
000166 accuracy: 0.5502183406113537 F1: 0.5502183406113537 63 63 32 71 229
000333 accuracy: 0.5541666666666667 F1: 0.6707692307692308 109 24 20 87 240
000538 accuracy: 0.4975845410628019 F1: 0.5398230088495575 61 42 42 62 207
000625 accuracy: 0.5242290748898678 F1: 0.49056603773584906 52 67 54 54 227
000651 accuracy: 0.5309278350515464 F1: 0.4972375690607735 45 58 57 34 194
000725 accuracy: 0.551440329218107 F1: 0.37714285714285717 33 101 90 19 243
000776 accuracy: 0.4672131147540984 F1: 0.5357142857142857 75 39 31 99 244
000858 accuracy: 0.5758928571428571 F1: 0.6360153256704981 83 46 37 58 224
000895 accuracy: 0.5204918032786885 F1: 0.6060606060606061 90 37 35 82 244
002024 accuracy: 0.5435684647302904 F1: 0.6206896551724137 90 41 27 83 241
002252 accuracy: 0.5741626794258373 F1: 0.5189189189189188 48 72 49 40 209
002304 accuracy: 0.569672131147541 F1: 0.6037735849056604 80 59 52 53 244
002415 accuracy: 0.4652173913043478 F1: 0.4170616113744076 44 63 86 37 230
002594 accuracy: 0.5726141078838174 F1: 0.6023166023166022 78 60 41 62 241
002736 accuracy: 0.5289256198347108 F1: 0.5043478260869565 58 70 38 76 242
002739 accuracy: 0.4625 F1: 0.37681159420289856 26 48 49 37 160
300059 accuracy: 0.5619469026548672 F1: 0.5217391304347826 54 73 51 48 226
300104 accuracy: 0.5037593984962406 F1: 0.5352112676056338 38 29 14 52 133
600000 accuracy: 0.5085470085470085 F1: 0.427860696517413 43 76 56 59 234
600010 accuracy: 0.5327868852459017 F1: 0.3804347826086956 35 95 76 38 244
600015 accuracy: 0.4672131147540984 F1: 0.45833333333333326 55 59 48 82 244
600016 accuracy: 0.4959016393442623 F1: 0.38805970149253727 39 82 63 60 244
600018 accuracy: 0.4897119341563786 F1: 0.31111111111111106 28 91 105 19 243
600019 accuracy: 0.5 F1: 0.5158371040723982 57 50 54 53 214
600023 accuracy: 0.47540983606557374 F1: 0.43859649122807015 50 66 58 70 244
600028 accuracy: 0.569672131147541 F1: 0.41340782122905023 37 102 69 36 244
600030 accuracy: 0.5245901639344263 F1: 0.48672566371681414 55 73 62 54 244
600036 accuracy: 0.48559670781893005 F1: 0.4939271255060729 61 57 64 61 243
600048 accuracy: 0.5330578512396694 F1: 0.4744186046511628 51 78 75 38 242
600050 accuracy: 0.539906103286385 F1: 0.4431818181818181 39 76 52 46 213
600104 accuracy: 0.5294117647058824 F1: 0.5087719298245614 58 68 69 43 238
600111 accuracy: 0.5327868852459017 F1: 0.544 68 62 54 60 244
600115 accuracy: 0.525 F1: 0.3804347826086956 35 91 81 33 240
600276 accuracy: 0.4959016393442623 F1: 0.4331797235023041 47 74 96 27 244
600340 accuracy: 0.47280334728033474 F1: 0.5190839694656488 68 45 53 73 239
600485 accuracy: 0.5488721804511278 F1: 0.5384615384615385 35 38 28 32 133
600518 accuracy: 0.5458333333333333 F1: 0.48341232227488146 51 80 69 40 240
600519 accuracy: 0.5163934426229508 F1: 0.5354330708661418 68 58 66 52 244
600585 accuracy: 0.5 F1: 0.4695652173913043 54 68 88 34 244
600637 accuracy: 0.4936708860759494 F1: 0.5041322314049587 61 56 46 74 237
600690 accuracy: 0.4840182648401826 F1: 0.4886877828054299 54 52 74 39 219
600705 accuracy: 0.5125 F1: 0.3535911602209944 32 91 75 42 240
600795 accuracy: 0.5336322869955157 F1: 0.24637681159420288 17 102 76 28 223
600837 accuracy: 0.45901639344262296 F1: 0.4358974358974359 51 61 50 82 244
600886 accuracy: 0.5 F1: 0.36363636363636365 32 80 70 42 224
600887 accuracy: 0.5254237288135594 F1: 0.5882352941176471 80 44 54 58 236


    n = 3
    LR = 0.0005
    EPOCH = 250
    train_end = 1/3
    inputsize = 4




000001 accuracy: 0.45491803278688525 F1: 0.4435146443514644 53 58 66 67 244
000002 accuracy: 0.5175879396984925 F1: 0.3846153846153846 30 73 71 25 199
000063 accuracy: 0.48497854077253216 F1: 0.53125 68 45 60 60 233
000069 accuracy: 0.4826086956521739 F1: 0.45662100456621 50 61 67 52 230
000166 accuracy: 0.5720524017467249 F1: 0.5420560747663552 58 73 37 61 229
000333 accuracy: 0.55 F1: 0.6687116564417177 109 23 20 88 240
000538 accuracy: 0.5072463768115942 F1: 0.5677966101694916 67 38 36 66 207
000625 accuracy: 0.5198237885462555 F1: 0.4930232558139535 53 65 53 56 227
000651 accuracy: 0.5309278350515464 F1: 0.4916201117318436 44 59 58 33 194
000725 accuracy: 0.5843621399176955 F1: 0.4228571428571429 37 105 86 15 243
000776 accuracy: 0.45491803278688525 F1: 0.5333333333333332 76 35 30 103 244
000858 accuracy: 0.5625 F1: 0.6201550387596899 80 46 40 58 224
000895 accuracy: 0.5122950819672131 F1: 0.5853658536585366 84 41 41 78 244
002024 accuracy: 0.5269709543568465 F1: 0.5928571428571429 83 44 34 80 241
002252 accuracy: 0.5550239234449761 F1: 0.5373134328358209 54 62 43 50 209
002304 accuracy: 0.5614754098360656 F1: 0.5962264150943396 79 58 53 54 244
002415 accuracy: 0.508695652173913 F1: 0.5311203319502076 64 53 66 47 230
002594 accuracy: 0.5643153526970954 F1: 0.5161290322580646 56 80 63 42 241
002736 accuracy: 0.5413223140495868 F1: 0.4977375565610859 55 76 41 70 242
002739 accuracy: 0.45625 F1: 0.39160839160839156 28 45 47 40 160
300059 accuracy: 0.5752212389380531 F1: 0.5 48 82 57 39 226
300104 accuracy: 0.556390977443609 F1: 0.5042016806722689 30 44 22 37 133
600000 accuracy: 0.5 F1: 0.44019138755980863 46 71 53 64 234
600010 accuracy: 0.5245901639344263 F1: 0.348314606741573 31 97 80 36 244
600015 accuracy: 0.48360655737704916 F1: 0.47933884297520657 58 60 45 81 244
600016 accuracy: 0.48360655737704916 F1: 0.4112149532710281 44 74 58 68 244
600018 accuracy: 0.49794238683127573 F1: 0.4351851851851852 47 74 86 36 243
600019 accuracy: 0.514018691588785 F1: 0.5555555555555555 65 45 46 58 214
600023 accuracy: 0.45081967213114754 F1: 0.4173913043478261 48 62 60 74 244
600028 accuracy: 0.5614754098360656 F1: 0.38150289017341044 33 104 73 34 244
600030 accuracy: 0.5122950819672131 F1: 0.48034934497816595 55 70 62 57 244
600036 accuracy: 0.51440329218107 F1: 0.516393442622951 63 62 62 56 243
600048 accuracy: 0.5 F1: 0.4372093023255814 47 74 79 42 242
600050 accuracy: 0.539906103286385 F1: 0.4235294117647059 36 79 55 43 213
600104 accuracy: 0.5252100840336135 F1: 0.5191489361702127 61 64 66 47 238
600111 accuracy: 0.5040983606557377 F1: 0.5101214574898786 63 60 59 62 244
600115 accuracy: 0.5291666666666667 F1: 0.3957219251336898 37 90 79 34 240
600276 accuracy: 0.47950819672131145 F1: 0.3981042654028436 42 75 101 26 244
600340 accuracy: 0.4811715481171548 F1: 0.5338345864661654 71 44 50 74 239
600485 accuracy: 0.5263157894736842 F1: 0.5190839694656489 34 36 29 34 133
600518 accuracy: 0.5125 F1: 0.3937823834196891 38 85 82 35 240
600519 accuracy: 0.5081967213114754 F1: 0.5384615384615385 70 54 64 56 244
600585 accuracy: 0.4918032786885246 F1: 0.48760330578512395 59 61 83 41 244
600637 accuracy: 0.5021097046413502 F1: 0.49572649572649574 58 61 49 69 237
600690 accuracy: 0.4703196347031963 F1: 0.48214285714285715 54 49 74 42 219
600705 accuracy: 0.5416666666666666 F1: 0.40860215053763443 38 92 69 41 240
600795 accuracy: 0.5515695067264574 F1: 0.24242424242424246 16 107 77 23 223
600837 accuracy: 0.47950819672131145 F1: 0.45021645021645024 52 65 49 78 244
600886 accuracy: 0.5223214285714286 F1: 0.3184713375796179 25 92 77 30 224
600887 accuracy: 0.5 F1: 0.5426356589147286 70 48 64 54 236


    n = 3
    LR = 0.0008
    EPOCH = 100
    train_end = 1/3
    inputsize = 4

000001 accuracy: 0.45901639344262296 F1: 0.47619047619047616 60 52 59 73 244
000002 accuracy: 0.5376884422110553 F1: 0.4888888888888889 44 63 57 35 199
000063 accuracy: 0.4892703862660944 F1: 0.5220883534136546 65 49 63 56 233
000069 accuracy: 0.5130434782608696 F1: 0.49549549549549554 55 63 62 50 230
000166 accuracy: 0.5545851528384279 F1: 0.5526315789473684 63 64 32 70 229
000333 accuracy: 0.5583333333333333 F1: 0.6666666666666666 106 28 23 83 240
000538 accuracy: 0.5072463768115942 F1: 0.5565217391304348 64 41 39 63 207
000625 accuracy: 0.5330396475770925 F1: 0.5 53 68 53 53 227
000651 accuracy: 0.520618556701031 F1: 0.5181347150259067 50 51 52 41 194
000725 accuracy: 0.5596707818930041 F1: 0.3668639053254438 31 105 92 15 243
000776 accuracy: 0.4713114754098361 F1: 0.5204460966542751 70 45 36 93 244
000858 accuracy: 0.5892857142857143 F1: 0.6666666666666667 92 40 28 64 224
000895 accuracy: 0.5245901639344263 F1: 0.6027397260273973 88 40 37 79 244
002024 accuracy: 0.5228215767634855 F1: 0.5964912280701753 85 41 32 83 241
002252 accuracy: 0.5358851674641149 F1: 0.5650224215246638 63 49 34 63 209
002304 accuracy: 0.5573770491803278 F1: 0.5970149253731343 80 56 52 56 244
002415 accuracy: 0.5130434782608696 F1: 0.5172413793103449 60 58 70 42 230
002594 accuracy: 0.5684647302904564 F1: 0.5702479338842975 69 68 50 54 241
002736 accuracy: 0.5661157024793388 F1: 0.4827586206896551 49 88 47 58 242
002739 accuracy: 0.45 F1: 0.4430379746835443 35 37 40 48 160
300059 accuracy: 0.5752212389380531 F1: 0.5051546391752577 49 81 56 40 226
300104 accuracy: 0.47368421052631576 F1: 0.46153846153846156 30 33 22 48 133
600000 accuracy: 0.46153846153846156 F1: 0.4324324324324324 48 60 51 75 234
600010 accuracy: 0.5286885245901639 F1: 0.3915343915343915 37 92 74 41 244
600015 accuracy: 0.46311475409836067 F1: 0.49420849420849405 64 49 39 92 244
600016 accuracy: 0.45901639344262296 F1: 0.3773584905660377 40 72 62 70 244
600018 accuracy: 0.4897119341563786 F1: 0.3404255319148936 32 87 101 23 243
600019 accuracy: 0.5 F1: 0.5523012552301254 66 41 45 62 214
600023 accuracy: 0.5040983606557377 F1: 0.47161572052401746 54 69 54 67 244
600028 accuracy: 0.5286885245901639 F1: 0.23841059602649006 18 111 88 27 244
600030 accuracy: 0.5081967213114754 F1: 0.4690265486725664 53 71 64 56 244
600036 accuracy: 0.4567901234567901 F1: 0.472 59 52 66 66 243
600048 accuracy: 0.5 F1: 0.5399239543726235 71 50 55 66 242
600050 accuracy: 0.5164319248826291 F1: 0.3905325443786982 33 77 58 45 213
600104 accuracy: 0.542016806722689 F1: 0.5439330543933055 65 64 62 47 238
600111 accuracy: 0.5204918032786885 F1: 0.5447470817120622 70 57 52 65 244
600115 accuracy: 0.525 F1: 0.3372093023255814 29 97 87 27 240
600276 accuracy: 0.46311475409836067 F1: 0.43290043290043284 50 63 93 38 244
600340 accuracy: 0.47280334728033474 F1: 0.5227272727272727 69 44 52 74 239
600485 accuracy: 0.5413533834586466 F1: 0.548148148148148 37 35 26 35 133
600518 accuracy: 0.5458333333333333 F1: 0.4734299516908212 49 82 71 38 240
600519 accuracy: 0.5122950819672131 F1: 0.5440613026819924 71 54 63 56 244
600585 accuracy: 0.4959016393442623 F1: 0.4434389140271493 49 72 93 30 244
600637 accuracy: 0.4641350210970464 F1: 0.4816326530612245 59 51 48 79 237
600690 accuracy: 0.4885844748858447 F1: 0.5087719298245614 58 49 70 42 219
600705 accuracy: 0.5208333333333334 F1: 0.41624365482233505 41 84 66 49 240
600795 accuracy: 0.547085201793722 F1: 0.2518518518518519 17 105 76 25 223
600837 accuracy: 0.46311475409836067 F1: 0.44725738396624476 53 60 48 83 244
600886 accuracy: 0.53125 F1: 0.4067796610169491 36 83 66 39 224
600887 accuracy: 0.5084745762711864 F1: 0.5639097744360902 75 45 59 57 236


    n = 3
    LR = 0.0008
    EPOCH = 150
    train_end = 1/3
    inputsize = 4


000001 accuracy: 0.4426229508196721 F1: 0.4645669291338583 59 49 60 76 244
000002 accuracy: 0.5577889447236181 F1: 0.4567901234567901 37 74 64 24 199
000063 accuracy: 0.4892703862660944 F1: 0.5182186234817814 64 50 64 55 233
000069 accuracy: 0.4956521739130435 F1: 0.42574257425742573 43 71 74 42 230
000166 accuracy: 0.5720524017467249 F1: 0.5625 63 68 32 66 229
000333 accuracy: 0.55 F1: 0.6582278481012658 104 28 25 83 240
000538 accuracy: 0.4975845410628019 F1: 0.5630252100840336 67 36 36 68 207
000625 accuracy: 0.5242290748898678 F1: 0.48571428571428565 51 68 55 53 227
000651 accuracy: 0.5154639175257731 F1: 0.4597701149425288 40 60 62 32 194
000725 accuracy: 0.5679012345679012 F1: 0.39306358381502887 34 104 89 16 243
000776 accuracy: 0.45491803278688525 F1: 0.50187265917603 67 44 39 94 244
000858 accuracy: 0.5535714285714286 F1: 0.609375 78 46 42 58 224
000895 accuracy: 0.5040983606557377 F1: 0.5754385964912281 82 41 43 78 244
002024 accuracy: 0.5352697095435685 F1: 0.5971223021582734 83 46 34 78 241
002252 accuracy: 0.5454545454545454 F1: 0.5497630331753555 58 56 39 56 209
002304 accuracy: 0.5450819672131147 F1: 0.5647058823529411 72 61 60 51 244
002415 accuracy: 0.4956521739130435 F1: 0.48672566371681414 55 59 75 41 230
002594 accuracy: 0.5518672199170125 F1: 0.5939849624060151 79 54 40 68 241
002736 accuracy: 0.48760330578512395 F1: 0.5118110236220473 65 53 31 93 242
002739 accuracy: 0.48125 F1: 0.3851851851851852 26 51 49 34 160
300059 accuracy: 0.5619469026548672 F1: 0.5217391304347826 54 73 51 48 226
300104 accuracy: 0.518796992481203 F1: 0.5 32 37 20 44 133
600000 accuracy: 0.5 F1: 0.43478260869565216 45 72 54 63 234
600010 accuracy: 0.5368852459016393 F1: 0.38251366120218583 35 96 76 37 244
600015 accuracy: 0.48770491803278687 F1: 0.47257383966244726 56 63 47 78 244
600016 accuracy: 0.5040983606557377 F1: 0.3980099502487562 40 83 62 59 244
600018 accuracy: 0.4897119341563786 F1: 0.3404255319148936 32 87 101 23 243
600019 accuracy: 0.4953271028037383 F1: 0.5344827586206896 62 44 49 59 214
600023 accuracy: 0.45491803278688525 F1: 0.3636363636363637 38 73 70 63 244
600028 accuracy: 0.5532786885245902 F1: 0.4043715846994535 37 98 69 40 244
600030 accuracy: 0.5286885245901639 F1: 0.49339207048458145 56 73 61 54 244
600036 accuracy: 0.4732510288065844 F1: 0.4754098360655738 58 57 67 61 243
600048 accuracy: 0.5041322314049587 F1: 0.4392523364485981 47 75 79 41 242
600050 accuracy: 0.5164319248826291 F1: 0.4245810055865922 38 72 53 50 213
600104 accuracy: 0.542016806722689 F1: 0.5587044534412955 69 60 58 51 238
600111 accuracy: 0.5204918032786885 F1: 0.5482625482625483 71 56 51 66 244
600115 accuracy: 0.5125 F1: 0.37433155080213903 35 88 81 36 240
600276 accuracy: 0.4713114754098361 F1: 0.43171806167400884 49 66 94 35 244
600340 accuracy: 0.497907949790795 F1: 0.5081967213114754 62 57 59 61 239
600485 accuracy: 0.5413533834586466 F1: 0.5196850393700788 33 39 30 31 133
600518 accuracy: 0.5458333333333333 F1: 0.4784688995215311 50 81 70 39 240
600519 accuracy: 0.5040983606557377 F1: 0.5179282868525896 65 58 69 52 244
600585 accuracy: 0.48770491803278687 F1: 0.497991967871486 62 57 80 45 244
600637 accuracy: 0.5316455696202531 F1: 0.5022421524663677 56 70 51 60 237
600690 accuracy: 0.4703196347031963 F1: 0.48672566371681414 55 48 73 43 219
600705 accuracy: 0.5416666666666666 F1: 0.49074074074074076 53 77 54 56 240
600795 accuracy: 0.5381165919282511 F1: 0.23703703703703702 16 104 77 26 223
600837 accuracy: 0.5081967213114754 F1: 0.40594059405940597 41 83 60 60 244
600886 accuracy: 0.5 F1: 0.2 14 98 88 24 224
600887 accuracy: 0.4745762711864407 F1: 0.49180327868852464 60 52 74 50 236


    n = 3
    LR = 0.0008
    EPOCH = 200
    train_end = 1/3
    inputsize = 4



000001 accuracy: 0.4385245901639344 F1: 0.4069264069264069 47 60 72 65 244
000002 accuracy: 0.5628140703517588 F1: 0.5028571428571429 44 68 57 30 199
000063 accuracy: 0.47639484978540775 F1: 0.47863247863247865 56 55 72 50 233
000069 accuracy: 0.4826086956521739 F1: 0.4413145539906103 47 64 70 49 230
000166 accuracy: 0.5283842794759825 F1: 0.5263157894736842 60 61 35 73 229
000333 accuracy: 0.5208333333333334 F1: 0.6439628482972136 104 21 25 90 240
000538 accuracy: 0.5120772946859904 F1: 0.551111111111111 62 44 41 60 207
000625 accuracy: 0.5154185022026432 F1: 0.4554455445544555 46 71 60 50 227
000651 accuracy: 0.5051546391752577 F1: 0.4838709677419355 45 53 57 39 194
000725 accuracy: 0.5967078189300411 F1: 0.4842105263157894 46 99 77 21 243
000776 accuracy: 0.4959016393442623 F1: 0.5393258426966292 72 49 34 89 244
000858 accuracy: 0.5669642857142857 F1: 0.6311787072243346 83 44 37 60 224
000895 accuracy: 0.5409836065573771 F1: 0.5789473684210527 77 55 48 64 244
002024 accuracy: 0.5477178423236515 F1: 0.6093189964157706 85 47 32 77 241
002252 accuracy: 0.5454545454545454 F1: 0.5410628019323671 56 58 41 54 209
002304 accuracy: 0.5450819672131147 F1: 0.5236051502145923 61 72 71 40 244
002415 accuracy: 0.4782608695652174 F1: 0.33333333333333337 30 80 100 20 230
002594 accuracy: 0.5601659751037344 F1: 0.4752475247524753 48 87 71 35 241
002736 accuracy: 0.5537190082644629 F1: 0.4953271028037384 53 81 43 65 242
002739 accuracy: 0.5 F1: 0.4444444444444445 32 48 43 37 160
300059 accuracy: 0.5398230088495575 F1: 0.46938775510204084 46 76 59 45 226
300104 accuracy: 0.47368421052631576 F1: 0.47761194029850756 32 31 20 50 133
600000 accuracy: 0.4829059829059829 F1: 0.44239631336405527 48 65 51 70 234
600010 accuracy: 0.5040983606557377 F1: 0.3240223463687151 29 94 82 39 244
600015 accuracy: 0.48770491803278687 F1: 0.4588744588744588 53 66 50 75 244
600016 accuracy: 0.5573770491803278 F1: 0.49056603773584906 52 84 50 58 244
600018 accuracy: 0.45267489711934156 F1: 0.3696682464454976 39 71 94 39 243
600019 accuracy: 0.5046728971962616 F1: 0.5760000000000001 72 36 39 67 214
600023 accuracy: 0.4959016393442623 F1: 0.5060240963855422 63 58 45 78 244
600028 accuracy: 0.5491803278688525 F1: 0.4329896907216495 42 92 64 46 244
600030 accuracy: 0.5081967213114754 F1: 0.4392523364485982 47 77 70 50 244
600036 accuracy: 0.49382716049382713 F1: 0.47210300429184554 55 65 70 53 243
600048 accuracy: 0.5 F1: 0.4474885844748858 49 72 77 44 242
600050 accuracy: 0.5164319248826291 F1: 0.430939226519337 39 71 52 51 213
600104 accuracy: 0.5378151260504201 F1: 0.5564516129032259 69 59 58 52 238
600111 accuracy: 0.5122950819672131 F1: 0.5142857142857143 63 62 59 60 244
600115 accuracy: 0.49166666666666664 F1: 0.37113402061855666 36 82 80 42 240
600276 accuracy: 0.46311475409836067 F1: 0.45643153526970953 55 58 88 43 244
600340 accuracy: 0.48535564853556484 F1: 0.528735632183908 69 47 52 71 239
600485 accuracy: 0.5413533834586466 F1: 0.5271317829457365 34 38 29 32 133
600518 accuracy: 0.5166666666666667 F1: 0.41414141414141414 41 83 79 37 240
600519 accuracy: 0.47950819672131145 F1: 0.5313653136531366 72 45 62 65 244
600585 accuracy: 0.5122950819672131 F1: 0.49789029535864976 59 66 83 36 244
600637 accuracy: 0.540084388185654 F1: 0.4930232558139535 53 75 54 55 237
600690 accuracy: 0.4931506849315068 F1: 0.5432098765432098 66 42 62 49 219
600705 accuracy: 0.525 F1: 0.3522727272727273 31 95 76 38 240
600795 accuracy: 0.547085201793722 F1: 0.24060150375939857 16 106 77 24 223
600837 accuracy: 0.5163934426229508 F1: 0.4158415841584158 42 84 59 59 244
600886 accuracy: 0.45982142857142855 F1: 0.33879781420765026 31 72 71 50 224
600887 accuracy: 0.5 F1: 0.5390625000000001 69 49 65 53 236


    n = 3
    LR = 0.0008
    EPOCH = 250
    train_end = 1/3
    inputsize = 4

000001 accuracy: 0.47540983606557374 F1: 0.539568345323741 75 41 44 84 244
000002 accuracy: 0.542713567839196 F1: 0.3973509933774835 30 78 71 20 199
000063 accuracy: 0.48497854077253216 F1: 0.4690265486725664 53 60 75 45 233
000069 accuracy: 0.48695652173913045 F1: 0.4485981308411215 48 64 69 49 230
000166 accuracy: 0.5152838427947598 F1: 0.5236051502145923 61 57 34 77 229
000333 accuracy: 0.5333333333333333 F1: 0.6291390728476821 95 33 34 78 240
000538 accuracy: 0.4927536231884058 F1: 0.5116279069767441 55 47 48 57 207
000625 accuracy: 0.4977973568281938 F1: 0.41836734693877553 41 72 65 49 227
000651 accuracy: 0.5051546391752577 F1: 0.5 48 50 54 42 194
000725 accuracy: 0.5761316872427984 F1: 0.4371584699453552 40 100 83 20 243
000776 accuracy: 0.47950819672131145 F1: 0.5171102661596958 68 49 38 89 244
000858 accuracy: 0.5848214285714286 F1: 0.6234817813765182 77 54 43 50 224
000895 accuracy: 0.5491803278688525 F1: 0.6014492753623188 83 51 42 68 244
002024 accuracy: 0.5435684647302904 F1: 0.6153846153846153 88 43 29 81 241
002252 accuracy: 0.5167464114832536 F1: 0.5388127853881279 59 49 38 63 209
002304 accuracy: 0.5286885245901639 F1: 0.5381526104417671 67 62 65 50 244
002415 accuracy: 0.4956521739130435 F1: 0.4912280701754386 56 58 74 42 230
002594 accuracy: 0.5518672199170125 F1: 0.5384615384615384 63 70 56 52 241
002736 accuracy: 0.5785123966942148 F1: 0.49504950495049505 50 90 46 56 242
002739 accuracy: 0.525 F1: 0.46478873239436613 33 51 42 34 160
300059 accuracy: 0.5309734513274337 F1: 0.49523809523809526 52 68 53 53 226
300104 accuracy: 0.5112781954887218 F1: 0.4715447154471545 29 39 23 42 133
600000 accuracy: 0.4700854700854701 F1: 0.34736842105263155 33 77 66 58 234
600010 accuracy: 0.5163934426229508 F1: 0.3917525773195876 38 88 73 45 244
600015 accuracy: 0.4918032786885246 F1: 0.4789915966386554 57 63 46 78 244
600016 accuracy: 0.5614754098360656 F1: 0.4729064039408867 48 89 54 53 244
600018 accuracy: 0.48559670781893005 F1: 0.463519313304721 54 64 79 46 243
600019 accuracy: 0.5 F1: 0.5367965367965368 62 45 49 58 214
600023 accuracy: 0.5040983606557377 F1: 0.4423963133640553 48 75 60 61 244
600028 accuracy: 0.5573770491803278 F1: 0.38636363636363635 34 102 72 36 244
600030 accuracy: 0.48770491803278687 F1: 0.47257383966244726 56 63 61 64 244
600036 accuracy: 0.522633744855967 F1: 0.5433070866141732 69 58 56 60 243
600048 accuracy: 0.49586776859504134 F1: 0.42452830188679247 45 75 81 41 242
600050 accuracy: 0.5070422535211268 F1: 0.41340782122905023 37 71 54 51 213
600104 accuracy: 0.5462184873949579 F1: 0.5748031496062992 73 57 54 54 238
600111 accuracy: 0.5122950819672131 F1: 0.5062240663900415 61 64 61 58 244
600115 accuracy: 0.525 F1: 0.47706422018348627 52 74 64 50 240
600276 accuracy: 0.4713114754098361 F1: 0.45569620253164556 54 61 89 40 244
600340 accuracy: 0.4895397489539749 F1: 0.4873949579831933 58 59 63 59 239
600485 accuracy: 0.518796992481203 F1: 0.5076923076923077 33 36 30 34 133
600518 accuracy: 0.525 F1: 0.45192307692307687 47 79 73 41 240
600519 accuracy: 0.48770491803278687 F1: 0.5353159851301115 72 47 62 63 244
600585 accuracy: 0.5122950819672131 F1: 0.47111111111111115 53 72 89 30 244
600637 accuracy: 0.5147679324894515 F1: 0.5021645021645021 58 64 49 66 237
600690 accuracy: 0.502283105022831 F1: 0.5361702127659574 63 47 65 44 219
600705 accuracy: 0.5166666666666667 F1: 0.3333333333333333 29 95 78 38 240
600795 accuracy: 0.547085201793722 F1: 0.2733812949640288 19 103 74 27 223
600837 accuracy: 0.5573770491803278 F1: 0.4807692307692307 50 86 51 57 244
600886 accuracy: 0.5 F1: 0.4105263157894737 39 73 63 49 224
600887 accuracy: 0.4872881355932203 F1: 0.48068669527896996 56 59 78 43 236

    n = 3
    LR = 0.0016
    EPOCH = 100
    train_end = 1/3
    inputsize = 4


000001 accuracy: 0.45491803278688525 F1: 0.4340425531914894 51 60 68 65 244
000002 accuracy: 0.5326633165829145 F1: 0.4 31 75 70 23 199
000063 accuracy: 0.463519313304721 F1: 0.50199203187251 63 45 65 60 233
000069 accuracy: 0.4956521739130435 F1: 0.5206611570247934 63 51 54 62 230
000166 accuracy: 0.5807860262008734 F1: 0.52 52 81 43 53 229
000333 accuracy: 0.5375 F1: 0.6706231454005935 113 16 16 95 240
000538 accuracy: 0.5217391304347826 F1: 0.5787234042553191 68 40 35 64 207
000625 accuracy: 0.5066079295154186 F1: 0.4716981132075472 50 65 56 56 227
000651 accuracy: 0.5309278350515464 F1: 0.4678362573099415 40 63 62 29 194
000725 accuracy: 0.5967078189300411 F1: 0.4842105263157894 46 99 77 21 243
000776 accuracy: 0.4713114754098361 F1: 0.5274725274725275 72 43 34 95 244
000858 accuracy: 0.5625 F1: 0.5950413223140496 72 54 48 50 224
000895 accuracy: 0.5122950819672131 F1: 0.5910652920962199 86 39 39 80 244
002024 accuracy: 0.5518672199170125 F1: 0.6326530612244898 93 40 24 84 241
002252 accuracy: 0.583732057416268 F1: 0.5445026178010471 52 70 45 42 209
002304 accuracy: 0.5327868852459017 F1: 0.5128205128205129 60 70 72 42 244
002415 accuracy: 0.5130434782608696 F1: 0.5213675213675213 61 57 69 43 230
002594 accuracy: 0.5809128630705395 F1: 0.6245353159851301 84 56 35 66 241
002736 accuracy: 0.5537190082644629 F1: 0.509090909090909 56 78 40 68 242
002739 accuracy: 0.49375 F1: 0.38167938931297707 25 54 50 31 160
300059 accuracy: 0.5530973451327433 F1: 0.5258215962441314 56 69 49 52 226
300104 accuracy: 0.49624060150375937 F1: 0.4885496183206107 32 34 20 47 133
600000 accuracy: 0.5042735042735043 F1: 0.3958333333333333 38 80 61 55 234
600010 accuracy: 0.5368852459016393 F1: 0.4083769633507853 39 92 72 41 244
600015 accuracy: 0.48360655737704916 F1: 0.43749999999999994 49 69 54 72 244
600016 accuracy: 0.5245901639344263 F1: 0.41414141414141414 41 87 61 55 244
600018 accuracy: 0.49794238683127573 F1: 0.4553571428571429 51 70 82 40 243
600019 accuracy: 0.4672897196261682 F1: 0.49107142857142855 55 45 56 58 214
600023 accuracy: 0.47540983606557374 F1: 0.4018691588785047 43 73 65 63 244
600028 accuracy: 0.5491803278688525 F1: 0.47115384615384615 49 85 57 53 244
600030 accuracy: 0.5286885245901639 F1: 0.4888888888888889 55 74 62 53 244
600036 accuracy: 0.49794238683127573 F1: 0.5196850393700787 66 55 59 63 243
600048 accuracy: 0.49173553719008267 F1: 0.45814977973568277 52 67 74 49 242
600050 accuracy: 0.5070422535211268 F1: 0.3930635838150289 34 74 57 48 213
600104 accuracy: 0.5588235294117647 F1: 0.5882352941176471 75 58 52 53 238
600111 accuracy: 0.5 F1: 0.512 64 58 58 64 244
600115 accuracy: 0.49583333333333335 F1: 0.36649214659685864 35 84 81 40 240
600276 accuracy: 0.47950819672131145 F1: 0.5019607843137255 64 53 79 48 244
600340 accuracy: 0.49372384937238495 F1: 0.49372384937238495 59 59 62 59 239
600485 accuracy: 0.5789473684210527 F1: 0.5625 36 41 27 29 133
600518 accuracy: 0.5375 F1: 0.463768115942029 48 81 72 39 240
600519 accuracy: 0.4959016393442623 F1: 0.5427509293680298 73 48 61 62 244
600585 accuracy: 0.5 F1: 0.48305084745762716 57 65 85 37 244
600637 accuracy: 0.5232067510548524 F1: 0.49777777777777776 56 68 51 62 237
600690 accuracy: 0.4794520547945205 F1: 0.5365853658536586 66 39 62 52 219
600705 accuracy: 0.5375 F1: 0.3798882681564246 34 95 73 38 240
600795 accuracy: 0.515695067264574 F1: 0.2058823529411765 14 101 79 29 223
600837 accuracy: 0.4959016393442623 F1: 0.4484304932735426 50 71 51 72 244
600886 accuracy: 0.49107142857142855 F1: 0.3132530120481928 26 84 76 38 224
600887 accuracy: 0.4788135593220339 F1: 0.5060240963855422 63 50 71 52 236


    n = 3
    LR = 0.0016
    EPOCH = 150
    train_end = 1/3
    inputsize = 4



000001 accuracy: 0.47950819672131145 F1: 0.5134099616858238 67 50 52 75 244
000002 accuracy: 0.5025125628140703 F1: 0.4142011834319526 35 65 66 33 199
000063 accuracy: 0.5150214592274678 F1: 0.5150214592274678 60 60 68 45 233
000069 accuracy: 0.4956521739130435 F1: 0.48672566371681414 55 59 62 54 230
000166 accuracy: 0.5502183406113537 F1: 0.5071770334928231 53 73 42 61 229
000333 accuracy: 0.4708333333333333 F1: 0.5543859649122808 79 34 50 77 240
000538 accuracy: 0.5072463768115942 F1: 0.5142857142857142 54 51 49 53 207
000625 accuracy: 0.5110132158590308 F1: 0.45320197044334976 46 70 60 51 227
000651 accuracy: 0.5051546391752577 F1: 0.47826086956521746 44 54 58 38 194
000725 accuracy: 0.5802469135802469 F1: 0.5 51 90 72 30 243
000776 accuracy: 0.45081967213114754 F1: 0.5533333333333333 83 27 23 111 244
000858 accuracy: 0.5401785714285714 F1: 0.5654008438818565 67 54 53 50 224
000895 accuracy: 0.5409836065573771 F1: 0.6028368794326241 85 47 40 72 244
002024 accuracy: 0.5518672199170125 F1: 0.6142857142857142 86 47 31 77 241
002252 accuracy: 0.5263157894736842 F1: 0.5123152709359605 52 58 45 54 209
002304 accuracy: 0.5 F1: 0.5158730158730158 65 57 67 55 244
002415 accuracy: 0.4956521739130435 F1: 0.4528301886792453 48 66 82 34 230
002594 accuracy: 0.5062240663900415 F1: 0.4892703862660944 57 65 62 57 241
002736 accuracy: 0.5826446280991735 F1: 0.4093567251461988 35 106 61 40 242
002739 accuracy: 0.50625 F1: 0.46258503401360546 34 47 41 38 160
300059 accuracy: 0.5442477876106194 F1: 0.4771573604060914 47 76 58 45 226
300104 accuracy: 0.518796992481203 F1: 0.5151515151515152 34 35 18 46 133
600000 accuracy: 0.47435897435897434 F1: 0.3940886699507389 40 71 59 64 234
600010 accuracy: 0.5081967213114754 F1: 0.4642857142857143 52 72 59 61 244
600015 accuracy: 0.46311475409836067 F1: 0.4653061224489796 57 56 46 85 244
600016 accuracy: 0.5409836065573771 F1: 0.45631067961165045 47 85 55 57 244
600018 accuracy: 0.4567901234567901 F1: 0.5217391304347826 72 39 61 71 243
600019 accuracy: 0.48598130841121495 F1: 0.5089285714285714 57 47 54 56 214
600023 accuracy: 0.5163934426229508 F1: 0.404040404040404 40 86 68 50 244
600028 accuracy: 0.5450819672131147 F1: 0.4365482233502538 43 90 63 48 244
600030 accuracy: 0.5163934426229508 F1: 0.4778761061946903 54 72 63 55 244
600036 accuracy: 0.51440329218107 F1: 0.4869565217391304 56 69 69 49 243
600048 accuracy: 0.49173553719008267 F1: 0.41148325358851673 43 76 83 40 242
600050 accuracy: 0.45539906103286387 F1: 0.42 42 55 49 67 213
600104 accuracy: 0.5798319327731093 F1: 0.5934959349593497 73 65 54 46 238
600111 accuracy: 0.5 F1: 0.537878787878788 71 51 51 71 244
600115 accuracy: 0.4791666666666667 F1: 0.3902439024390244 40 75 76 49 240
600276 accuracy: 0.5245901639344263 F1: 0.5606060606060606 74 54 69 47 244
600340 accuracy: 0.497907949790795 F1: 0.4999999999999999 60 59 61 59 239
600485 accuracy: 0.5112781954887218 F1: 0.49612403100775193 32 36 31 34 133
600518 accuracy: 0.5125 F1: 0.5145228215767634 62 61 58 59 240
600519 accuracy: 0.5 F1: 0.5271317829457364 68 54 66 56 244
600585 accuracy: 0.5040983606557377 F1: 0.48510638297872344 57 66 85 36 244
600637 accuracy: 0.5358649789029536 F1: 0.4954128440366972 54 73 53 57 237
600690 accuracy: 0.5068493150684932 F1: 0.5423728813559322 64 47 64 44 219
600705 accuracy: 0.5333333333333333 F1: 0.4166666666666667 40 88 67 45 240
600795 accuracy: 0.5336322869955157 F1: 0.2777777777777778 20 99 73 31 223
600837 accuracy: 0.5204918032786885 F1: 0.5301204819277109 66 61 35 82 244
600886 accuracy: 0.5 F1: 0.42857142857142855 42 70 60 52 224
600887 accuracy: 0.461864406779661 F1: 0.39234449760765544 41 68 93 34 236

    n = 3
    LR = 0.0016
    EPOCH = 200
    train_end = 1/3
    inputsize = 4



000001 accuracy: 0.4713114754098361 F1: 0.5019305019305019 65 50 54 75 244
000002 accuracy: 0.48743718592964824 F1: 0.5142857142857143 54 43 47 55 199
000063 accuracy: 0.4892703862660944 F1: 0.47577092511013214 54 60 74 45 233
000069 accuracy: 0.4608695652173913 F1: 0.4959349593495935 61 45 56 68 230
000166 accuracy: 0.5764192139737991 F1: 0.5402843601895735 57 75 38 59 229
000333 accuracy: 0.5208333333333334 F1: 0.6278317152103561 97 28 32 83 240
000538 accuracy: 0.5169082125603864 F1: 0.5412844036697249 59 48 44 56 207
000625 accuracy: 0.5022026431718062 F1: 0.4021164021164021 38 76 68 45 227
000651 accuracy: 0.4948453608247423 F1: 0.4367816091954023 38 58 64 34 194
000725 accuracy: 0.5473251028806584 F1: 0.43298969072164956 42 91 81 29 243
000776 accuracy: 0.5 F1: 0.5158730158730158 65 57 41 81 244
000858 accuracy: 0.5491071428571429 F1: 0.5943775100401606 74 49 46 55 224
000895 accuracy: 0.5122950819672131 F1: 0.5703971119133574 79 46 46 73 244
002024 accuracy: 0.5186721991701245 F1: 0.6258064516129032 97 28 20 96 241
002252 accuracy: 0.507177033492823 F1: 0.5579399141630901 65 41 32 71 209
002304 accuracy: 0.5 F1: 0.5120000000000001 64 58 68 54 244
002415 accuracy: 0.5 F1: 0.5106382978723405 60 55 70 45 230
002594 accuracy: 0.5394190871369294 F1: 0.54320987654321 66 64 53 58 241
002736 accuracy: 0.5454545454545454 F1: 0.5217391304347827 60 72 36 74 242
002739 accuracy: 0.53125 F1: 0.4094488188976378 26 59 49 26 160
300059 accuracy: 0.5221238938053098 F1: 0.4857142857142857 51 67 54 54 226
300104 accuracy: 0.5639097744360902 F1: 0.5245901639344263 32 43 20 38 133
600000 accuracy: 0.49572649572649574 F1: 0.3723404255319149 35 81 64 54 234
600010 accuracy: 0.5081967213114754 F1: 0.4642857142857143 52 72 59 61 244
600015 accuracy: 0.47540983606557374 F1: 0.42342342342342343 47 69 56 72 244
600016 accuracy: 0.5040983606557377 F1: 0.4097560975609756 42 81 60 61 244
600018 accuracy: 0.5102880658436214 F1: 0.5062240663900415 61 63 72 47 243
600019 accuracy: 0.4532710280373832 F1: 0.5145228215767634 62 35 49 68 214
600023 accuracy: 0.5532786885245902 F1: 0.4352331606217617 42 93 66 43 244
600028 accuracy: 0.5286885245901639 F1: 0.42786069651741293 43 86 63 52 244
600030 accuracy: 0.4918032786885246 F1: 0.4363636363636364 48 72 69 55 244
600036 accuracy: 0.5102880658436214 F1: 0.48927038626609437 57 67 68 51 243
600048 accuracy: 0.4834710743801653 F1: 0.423963133640553 46 71 80 45 242
600050 accuracy: 0.431924882629108 F1: 0.3529411764705882 33 59 58 63 213
600104 accuracy: 0.5672268907563025 F1: 0.5579399141630901 65 70 62 41 238
600111 accuracy: 0.5122950819672131 F1: 0.5062240663900415 61 64 61 58 244
600115 accuracy: 0.5083333333333333 F1: 0.3979591836734694 39 83 77 41 240
600276 accuracy: 0.5286885245901639 F1: 0.5993031358885017 86 43 57 58 244
600340 accuracy: 0.5188284518828452 F1: 0.4933920704845815 56 68 65 50 239
600485 accuracy: 0.5112781954887218 F1: 0.4881889763779527 31 37 32 33 133
600518 accuracy: 0.48333333333333334 F1: 0.4959349593495935 61 55 59 65 240
600519 accuracy: 0.5204918032786885 F1: 0.5447470817120622 70 57 64 53 244
600585 accuracy: 0.5163934426229508 F1: 0.512396694214876 62 64 80 38 244
600637 accuracy: 0.5780590717299579 F1: 0.5238095238095238 55 82 52 48 237
600690 accuracy: 0.4977168949771689 F1: 0.5299145299145298 62 47 66 44 219
600705 accuracy: 0.5166666666666667 F1: 0.3626373626373626 33 91 74 42 240
600795 accuracy: 0.5291479820627802 F1: 0.24460431654676262 17 101 76 29 223
600837 accuracy: 0.569672131147541 F1: 0.5205479452054794 57 82 44 61 244
600886 accuracy: 0.49107142857142855 F1: 0.3936170212765958 37 73 65 49 224
600887 accuracy: 0.5042372881355932 F1: 0.5338645418326693 67 52 67 50 236

    n = 3
    LR = 0.0016
    EPOCH = 250
    train_end = 1/3
    inputsize = 4



000001 accuracy: 0.5163934426229508 F1: 0.516393442622951 63 63 56 62 244
000002 accuracy: 0.507537688442211 F1: 0.5148514851485149 52 49 49 49 199
000063 accuracy: 0.5321888412017167 F1: 0.5477178423236515 66 58 62 47 233
000069 accuracy: 0.49130434782608695 F1: 0.4507042253521127 48 65 69 48 230
000166 accuracy: 0.5021834061135371 F1: 0.48181818181818187 53 62 42 72 229
000333 accuracy: 0.5291666666666667 F1: 0.6220735785953178 93 34 36 77 240
000538 accuracy: 0.48792270531400966 F1: 0.5225225225225225 58 43 45 61 207
000625 accuracy: 0.5638766519823789 F1: 0.5560538116591928 62 66 44 55 227
000651 accuracy: 0.4793814432989691 F1: 0.40236686390532544 34 59 68 33 194
000725 accuracy: 0.5555555555555556 F1: 0.5178571428571428 58 77 65 43 243
000776 accuracy: 0.5163934426229508 F1: 0.5241935483870968 65 61 41 77 244
000858 accuracy: 0.5446428571428571 F1: 0.5819672131147541 71 51 49 53 224
000895 accuracy: 0.5491803278688525 F1: 0.5564516129032259 69 65 56 54 244
002024 accuracy: 0.5560165975103735 F1: 0.6297577854671281 91 43 26 81 241
002252 accuracy: 0.5119617224880383 F1: 0.5363636363636364 59 48 38 64 209
002304 accuracy: 0.45901639344262296 F1: 0.47619047619047616 60 52 72 60 244
002415 accuracy: 0.4956521739130435 F1: 0.48672566371681414 55 59 75 41 230
002594 accuracy: 0.5186721991701245 F1: 0.5206611570247934 63 62 56 60 241
002736 accuracy: 0.6115702479338843 F1: 0.5 47 101 49 45 242
002739 accuracy: 0.55 F1: 0.37931034482758624 22 66 53 19 160
300059 accuracy: 0.5088495575221239 F1: 0.41269841269841273 39 76 66 45 226
300104 accuracy: 0.5864661654135338 F1: 0.5217391304347826 30 48 22 33 133
600000 accuracy: 0.4444444444444444 F1: 0.39814814814814814 43 61 56 74 234
600010 accuracy: 0.47540983606557374 F1: 0.3402061855670103 33 83 78 50 244
600015 accuracy: 0.5 F1: 0.4873949579831933 58 64 45 77 244
600016 accuracy: 0.5163934426229508 F1: 0.43809523809523804 46 80 56 62 244
600018 accuracy: 0.5102880658436214 F1: 0.49789029535864987 59 65 74 45 243
600019 accuracy: 0.48598130841121495 F1: 0.56 70 34 41 69 214
600023 accuracy: 0.48770491803278687 F1: 0.5019920318725101 63 56 45 80 244
600028 accuracy: 0.4918032786885246 F1: 0.4700854700854701 55 65 51 73 244
600030 accuracy: 0.48360655737704916 F1: 0.4521739130434782 52 66 65 61 244
600036 accuracy: 0.5473251028806584 F1: 0.56 70 63 55 55 243
600048 accuracy: 0.48760330578512395 F1: 0.5230769230769231 68 50 58 66 242
600050 accuracy: 0.431924882629108 F1: 0.4039408866995074 41 51 50 71 213
600104 accuracy: 0.5546218487394958 F1: 0.5691056910569106 70 62 57 49 238
600111 accuracy: 0.5409836065573771 F1: 0.5130434782608695 59 73 63 49 244
600115 accuracy: 0.5083333333333333 F1: 0.40404040404040403 40 82 76 42 240
600276 accuracy: 0.4713114754098361 F1: 0.4602510460251046 55 60 88 41 244
600340 accuracy: 0.5313807531380753 F1: 0.5333333333333334 64 63 57 55 239
600485 accuracy: 0.5338345864661654 F1: 0.48333333333333334 29 42 34 28 133
600518 accuracy: 0.5208333333333334 F1: 0.5525291828793775 71 54 49 66 240
600519 accuracy: 0.4713114754098361 F1: 0.5095057034220533 67 48 67 62 244
600585 accuracy: 0.4959016393442623 F1: 0.4675324675324675 54 67 88 35 244
600637 accuracy: 0.5780590717299579 F1: 0.5 50 87 57 43 237
600690 accuracy: 0.502283105022831 F1: 0.5361702127659574 63 47 65 44 219
600705 accuracy: 0.55 F1: 0.4653465346534653 47 85 60 48 240
600795 accuracy: 0.5515695067264574 F1: 0.29577464788732394 21 102 72 28 223
600837 accuracy: 0.5491803278688525 F1: 0.4954128440366973 54 80 47 63 244
600886 accuracy: 0.5 F1: 0.5130434782608696 59 53 43 69 224
600887 accuracy: 0.4957627118644068 F1: 0.5220883534136546 65 52 69 50 236
