000001 accuracy: 0.465
000002 accuracy: 0.465
000063 accuracy: 0.47
000069 accuracy: 0.54
000166 accuracy: 0.535
000333 accuracy: 0.53
000538 accuracy: 0.54
000625 accuracy: 0.54
000651 accuracy: 0.54
000725 accuracy: 0.49
000776 accuracy: 0.505
000858 accuracy: 0.505
000895 accuracy: 0.505
002024 accuracy: 0.535
002252 accuracy: 0.555
002304 accuracy: 0.45
002415 accuracy: 0.475
002594 accuracy: 0.475
002736 accuracy: 0.545
002739 accuracy: 0.555
300059 accuracy: 0.58
300104 accuracy: 0.455
600000 accuracy: 0.53
600010 accuracy: 0.56
600015 accuracy: 0.51
600016 accuracy: 0.53
600018 accuracy: 0.45
600019 accuracy: 0.445
600023 accuracy: 0.515
600028 accuracy: 0.565
600030 accuracy: 0.475
600036 accuracy: 0.485
600048 accuracy: 0.49
600050 accuracy: 0.555
600104 accuracy: 0.515
600111 accuracy: 0.48
600115 accuracy: 0.455
600276 accuracy: 0.545
600340 accuracy: 0.565
600485 accuracy: 0.535
600518 accuracy: 0.48
600519 accuracy: 0.46
600585 accuracy: 0.465
600637 accuracy: 0.52
600690 accuracy: 0.52
600705 accuracy: 0.55
600795 accuracy: 0.525
600837 accuracy: 0.425
600886 accuracy: 0.485
600887 accuracy: 0.56

*****************************

    n = 4
    LR = 0.0005
    EPOCH = 100
    train_end = -200
    inputsize = 4

000001 accuracy: 0.4713114754098361 F1: 0.49805447470817127 64 51 55 74 244
000002 accuracy: 0.4824120603015075 F1: 0.516431924882629 55 41 46 57 199
000063 accuracy: 0.48497854077253216 F1: 0.574468085106383 81 32 47 73 233
000069 accuracy: 0.5391304347826087 F1: 0.5046728971962617 54 70 63 43 230
000166 accuracy: 0.5240174672489083 F1: 0.4784688995215311 50 70 45 64 229
000333 accuracy: 0.55 F1: 0.5645161290322581 70 62 59 49 240
000538 accuracy: 0.5169082125603864 F1: 0.5238095238095238 55 52 48 52 207
000625 accuracy: 0.46255506607929514 F1: 0.44036697247706424 48 57 58 64 227
000651 accuracy: 0.5463917525773195 F1: 0.5319148936170213 50 56 52 36 194
000725 accuracy: 0.5308641975308642 F1: 0.3372093023255814 29 100 94 20 243
000776 accuracy: 0.4959016393442623 F1: 0.5494505494505495 75 46 31 92 244
000858 accuracy: 0.5491071428571429 F1: 0.6007905138339921 76 47 44 57 224
000895 accuracy: 0.5163934426229508 F1: 0.6013513513513514 89 37 36 82 244
002024 accuracy: 0.5269709543568465 F1: 0.5210084033613446 62 65 55 59 241
002252 accuracy: 0.5119617224880383 F1: 0.43333333333333335 39 68 58 44 209
002304 accuracy: 0.5327868852459017 F1: 0.5476190476190476 69 61 63 51 244
002415 accuracy: 0.46956521739130436 F1: 0.4019607843137255 41 67 89 33 230
002594 accuracy: 0.5352697095435685 F1: 0.504424778761062 57 72 62 50 241
002736 accuracy: 0.5082644628099173 F1: 0.5440613026819924 71 52 25 94 242
002739 accuracy: 0.4625 F1: 0.3384615384615385 22 52 53 33 160
300059 accuracy: 0.5530973451327433 F1: 0.48205128205128206 47 78 58 43 226
300104 accuracy: 0.5263157894736842 F1: 0.44247787610619466 25 45 27 36 133
600000 accuracy: 0.5341880341880342 F1: 0.4293193717277487 41 84 58 51 234
600010 accuracy: 0.5573770491803278 F1: 0.49056603773584906 52 84 59 49 244
600015 accuracy: 0.4672131147540984 F1: 0.453781512605042 54 60 49 81 244
600016 accuracy: 0.5286885245901639 F1: 0.3575418994413408 32 97 70 45 244
600018 accuracy: 0.45267489711934156 F1: 0.33165829145728637 33 77 100 33 243
600019 accuracy: 0.4485981308411215 F1: 0.4732142857142857 53 43 58 60 214
600023 accuracy: 0.5081967213114754 F1: 0.5238095238095238 66 58 42 78 244
600028 accuracy: 0.4918032786885246 F1: 0.42592592592592593 46 74 60 64 244
600030 accuracy: 0.5573770491803278 F1: 0.5263157894736842 60 76 57 51 244
600036 accuracy: 0.51440329218107 F1: 0.516393442622951 63 62 62 56 243
600048 accuracy: 0.5206611570247934 F1: 0.5206611570247934 63 63 63 53 242
600050 accuracy: 0.5492957746478874 F1: 0.3684210526315789 28 89 63 33 213
600104 accuracy: 0.5462184873949579 F1: 0.55 66 64 61 47 238
600111 accuracy: 0.47950819672131145 F1: 0.48163265306122444 59 58 63 64 244
600115 accuracy: 0.5208333333333334 F1: 0.39790575916230364 38 87 78 37 240
600276 accuracy: 0.5450819672131147 F1: 0.5612648221343874 71 62 72 39 244
600340 accuracy: 0.4895397489539749 F1: 0.396039603960396 40 77 81 41 239
600485 accuracy: 0.5488721804511278 F1: 0.4915254237288135 29 44 34 26 133
600518 accuracy: 0.5 F1: 0.4117647058823529 42 78 78 42 240
600519 accuracy: 0.48360655737704916 F1: 0.45689655172413796 53 65 81 45 244
600585 accuracy: 0.5081967213114754 F1: 0.53125 68 56 74 46 244
600637 accuracy: 0.4936708860759494 F1: 0.5652173913043478 78 39 29 91 237
600690 accuracy: 0.4931506849315068 F1: 0.5110132158590308 58 50 70 41 219
600705 accuracy: 0.525 F1: 0.3372093023255814 29 97 78 36 240
600795 accuracy: 0.5874439461883408 F1: 0.24590163934426232 15 116 78 14 223
600837 accuracy: 0.5122950819672131 F1: 0.4079601990049751 41 84 60 59 244
600886 accuracy: 0.45982142857142855 F1: 0.35294117647058826 33 70 69 52 224
600887 accuracy: 0.4830508474576271 F1: 0.4741379310344827 55 59 79 43 236


    n = 4
    LR = 0.0005
    EPOCH = 150
    train_end = -200
    inputsize = 4


000001 accuracy: 0.48360655737704916 F1: 0.4878048780487805 60 58 59 67 244
000002 accuracy: 0.4723618090452261 F1: 0.4878048780487805 50 44 51 54 199
000063 accuracy: 0.48497854077253216 F1: 0.5488721804511277 73 40 55 65 233
000069 accuracy: 0.5173913043478261 F1: 0.5316455696202531 63 56 54 57 230
000166 accuracy: 0.519650655021834 F1: 0.5089285714285714 57 62 38 72 229
000333 accuracy: 0.5541666666666667 F1: 0.5836575875486382 75 58 54 53 240
000538 accuracy: 0.5072463768115942 F1: 0.5142857142857142 54 51 49 53 207
000625 accuracy: 0.4889867841409692 F1: 0.48214285714285715 54 57 52 64 227
000651 accuracy: 0.520618556701031 F1: 0.5230769230769231 51 50 51 42 194
000725 accuracy: 0.5308641975308642 F1: 0.35227272727272724 31 98 92 22 243
000776 accuracy: 0.5327868852459017 F1: 0.5439999999999999 68 62 38 76 244
000858 accuracy: 0.49107142857142855 F1: 0.564885496183206 74 36 46 68 224
000895 accuracy: 0.47950819672131145 F1: 0.5448028673835126 76 41 49 78 244
002024 accuracy: 0.5643153526970954 F1: 0.5569620253164557 66 70 51 54 241
002252 accuracy: 0.507177033492823 F1: 0.4771573604060913 47 59 50 53 209
002304 accuracy: 0.4918032786885246 F1: 0.47008547008547014 55 65 77 47 244
002415 accuracy: 0.4826086956521739 F1: 0.430622009569378 45 66 85 34 230
002594 accuracy: 0.5352697095435685 F1: 0.5172413793103449 60 69 59 53 241
002736 accuracy: 0.5413223140495868 F1: 0.4977375565610859 55 76 41 70 242
002739 accuracy: 0.475 F1: 0.3636363636363636 24 52 51 33 160
300059 accuracy: 0.5530973451327433 F1: 0.44808743169398907 41 84 64 37 226
300104 accuracy: 0.5112781954887218 F1: 0.4628099173553719 28 40 24 41 133
600000 accuracy: 0.5470085470085471 F1: 0.4536082474226804 44 84 55 51 234
600010 accuracy: 0.5081967213114754 F1: 0.5 60 64 51 69 244
600015 accuracy: 0.46311475409836067 F1: 0.49027237354085595 63 50 40 91 244
600016 accuracy: 0.5286885245901639 F1: 0.3352601156069364 29 100 73 42 244
600018 accuracy: 0.522633744855967 F1: 0.5322580645161291 66 61 67 49 243
600019 accuracy: 0.4672897196261682 F1: 0.49107142857142855 55 45 56 58 214
600023 accuracy: 0.48770491803278687 F1: 0.47698744769874474 57 62 51 74 244
600028 accuracy: 0.5163934426229508 F1: 0.4485981308411215 48 78 58 60 244
600030 accuracy: 0.5409836065573771 F1: 0.5254237288135594 62 70 55 57 244
600036 accuracy: 0.551440329218107 F1: 0.5622489959839359 70 64 55 54 243
600048 accuracy: 0.5082644628099173 F1: 0.5333333333333334 68 55 58 61 242
600050 accuracy: 0.5117370892018779 F1: 0.40909090909090906 36 73 55 49 213
600104 accuracy: 0.5336134453781513 F1: 0.5276595744680851 62 65 65 46 238
600111 accuracy: 0.45491803278688525 F1: 0.49811320754716987 66 45 56 77 244
600115 accuracy: 0.5 F1: 0.3877551020408163 38 82 78 42 240
600276 accuracy: 0.5573770491803278 F1: 0.5714285714285715 72 64 71 37 244
600340 accuracy: 0.46443514644351463 F1: 0.4482758620689655 52 59 69 59 239
600485 accuracy: 0.5714285714285714 F1: 0.5210084033613446 31 45 32 25 133
600518 accuracy: 0.5416666666666666 F1: 0.4660194174757281 48 82 72 38 240
600519 accuracy: 0.5040983606557377 F1: 0.48068669527896996 56 67 78 43 244
600585 accuracy: 0.5245901639344263 F1: 0.5206611570247934 63 65 79 37 244
600637 accuracy: 0.540084388185654 F1: 0.48826291079812206 52 76 55 54 237
600690 accuracy: 0.4703196347031963 F1: 0.5433070866141733 69 34 59 57 219
600705 accuracy: 0.525 F1: 0.3804347826086956 35 91 72 42 240
600795 accuracy: 0.547085201793722 F1: 0.2518518518518519 17 105 76 25 223
600837 accuracy: 0.5368852459016393 F1: 0.4205128205128205 41 90 60 53 244
600886 accuracy: 0.48660714285714285 F1: 0.3575418994413408 32 77 70 45 224
600887 accuracy: 0.4745762711864407 F1: 0.4655172413793103 54 58 80 44 236
