000001 accuracy: 0.515
000002 accuracy: 0.525
000063 accuracy: 0.475
000069 accuracy: 0.485
000166 accuracy: 0.505
000333 accuracy: 0.495
000538 accuracy: 0.57
000625 accuracy: 0.515
000651 accuracy: 0.53
000725 accuracy: 0.54
000776 accuracy: 0.52
000858 accuracy: 0.445
000895 accuracy: 0.54
002024 accuracy: 0.545
002252 accuracy: 0.57
002304 accuracy: 0.485
002415 accuracy: 0.52
002594 accuracy: 0.495
002736 accuracy: 0.465
002739 accuracy: 0.56
300059 accuracy: 0.55
300104 accuracy: 0.505
600000 accuracy: 0.535
600010 accuracy: 0.54
600015 accuracy: 0.485
600016 accuracy: 0.475
600018 accuracy: 0.51
600019 accuracy: 0.52
600023 accuracy: 0.6
600028 accuracy: 0.565
600030 accuracy: 0.47
600036 accuracy: 0.57
600048 accuracy: 0.48
600050 accuracy: 0.51
600104 accuracy: 0.475
600111 accuracy: 0.48
600115 accuracy: 0.52
600276 accuracy: 0.49
600340 accuracy: 0.52
600485 accuracy: 0.52
600518 accuracy: 0.49
600519 accuracy: 0.445
600585 accuracy: 0.505
600637 accuracy: 0.485
600690 accuracy: 0.53
600705 accuracy: 0.5
600795 accuracy: 0.55
600837 accuracy: 0.46
600886 accuracy: 0.545
600887 accuracy: 0.485
600887 accuracy: 0.495
600887 accuracy: 0.5
600887 accuracy: 0.52
600887 accuracy: 0.53
600887 accuracy: 0.52
600887 accuracy: 0.5
600887 accuracy: 0.475

***********************************************************************************
    n = 5
    LR = 0.0005
    EPOCH = 100
    train_end = 1/3
    inputsize = 3




000001 accuracy: 0.5 F1: 0.5196850393700787 66 56 53 69 244
000002 accuracy: 0.47738693467336685 F1: 0.38823529411764707 33 62 68 36 199
000063 accuracy: 0.5321888412017167 F1: 0.6354515050167224 95 29 33 76 233
000069 accuracy: 0.5391304347826087 F1: 0.4952380952380952 52 72 65 41 230
000166 accuracy: 0.5414847161572053 F1: 0.5643153526970954 68 56 27 78 229
000333 accuracy: 0.5583333333333333 F1: 0.6267605633802817 89 45 40 66 240
000538 accuracy: 0.5120772946859904 F1: 0.5213270142180094 55 51 48 53 207
000625 accuracy: 0.4845814977973568 F1: 0.4705882352941177 52 58 54 63 227
000651 accuracy: 0.5670103092783505 F1: 0.5757575757575757 57 53 45 39 194
000725 accuracy: 0.5432098765432098 F1: 0.3018867924528301 24 108 99 12 243
000776 accuracy: 0.48770491803278687 F1: 0.5487364620938627 76 43 30 95 244
000858 accuracy: 0.5714285714285714 F1: 0.6307692307692309 82 46 38 58 224
000895 accuracy: 0.5532786885245902 F1: 0.6254295532646049 91 44 34 75 244
002024 accuracy: 0.5435684647302904 F1: 0.5925925925925926 80 51 37 73 241
002252 accuracy: 0.5406698564593302 F1: 0.5339805825242718 55 58 42 54 209
002304 accuracy: 0.5081967213114754 F1: 0.5121951219512196 63 61 69 51 244
002415 accuracy: 0.5521739130434783 F1: 0.5690376569037656 68 59 62 41 230
002594 accuracy: 0.5560165975103735 F1: 0.5367965367965368 62 72 57 50 241
002736 accuracy: 0.5289256198347108 F1: 0.5210084033613446 62 66 34 80 242
002739 accuracy: 0.45625 F1: 0.39999999999999997 29 44 46 41 160
300059 accuracy: 0.6150442477876106 F1: 0.5347593582887701 50 89 55 32 226
300104 accuracy: 0.47368421052631576 F1: 0.527027027027027 39 24 13 57 133
600000 accuracy: 0.4829059829059829 F1: 0.4622222222222222 52 61 47 74 234
600010 accuracy: 0.5614754098360656 F1: 0.3742690058479532 32 105 79 28 244
600015 accuracy: 0.5204918032786885 F1: 0.5301204819277109 66 61 37 80 244
600016 accuracy: 0.4959016393442623 F1: 0.38805970149253727 39 82 63 60 244
600018 accuracy: 0.5061728395061729 F1: 0.34065934065934067 31 92 102 18 243
600019 accuracy: 0.5373831775700935 F1: 0.5959183673469388 73 42 38 61 214
600023 accuracy: 0.5122950819672131 F1: 0.41379310344827586 42 83 66 53 244
600028 accuracy: 0.5573770491803278 F1: 0.3571428571428572 30 106 76 32 244
600030 accuracy: 0.5450819672131147 F1: 0.5432098765432098 66 67 51 60 244
600036 accuracy: 0.5637860082304527 F1: 0.5691056910569106 70 67 55 51 243
600048 accuracy: 0.5247933884297521 F1: 0.5559845559845559 72 55 54 61 242
600050 accuracy: 0.5258215962441315 F1: 0.3221476510067114 24 88 67 34 213
600104 accuracy: 0.5294117647058824 F1: 0.5172413793103448 60 66 67 45 238
600111 accuracy: 0.4959016393442623 F1: 0.5494505494505495 75 46 47 76 244
600115 accuracy: 0.525 F1: 0.30487804878048774 25 101 91 23 240
600276 accuracy: 0.5081967213114754 F1: 0.52 65 59 78 42 244
600340 accuracy: 0.5230125523012552 F1: 0.5511811023622046 70 55 51 63 239
600485 accuracy: 0.5413533834586466 F1: 0.5271317829457365 34 38 29 32 133
600518 accuracy: 0.4625 F1: 0.4602510460251046 55 56 65 64 240
600519 accuracy: 0.48770491803278687 F1: 0.489795918367347 60 59 74 51 244
600585 accuracy: 0.48770491803278687 F1: 0.4588744588744589 53 66 89 36 244
600637 accuracy: 0.46835443037974683 F1: 0.5039370078740157 64 47 43 83 237
600690 accuracy: 0.5205479452054794 F1: 0.5333333333333333 60 54 68 37 219
600705 accuracy: 0.5333333333333333 F1: 0.504424778761062 57 71 50 62 240
600795 accuracy: 0.57847533632287 F1: 0.3896103896103896 30 99 63 31 223
600837 accuracy: 0.4713114754098361 F1: 0.4777327935222672 59 56 42 87 244
600886 accuracy: 0.5133928571428571 F1: 0.4522613065326633 45 70 57 52 224
600887 accuracy: 0.5296610169491526 F1: 0.5779467680608366 76 49 58 53 236


    n = 5
    LR = 0.0005
    EPOCH = 150
    train_end = 1/3
    inputsize = 3

000001 accuracy: 0.4918032786885246 F1: 0.4789915966386555 57 63 62 62 244
000002 accuracy: 0.5326633165829145 F1: 0.4804469273743017 43 63 58 35 199
000063 accuracy: 0.5493562231759657 F1: 0.6209386281588448 86 42 42 63 233
000069 accuracy: 0.5130434782608696 F1: 0.4909090909090909 54 64 63 49 230
000166 accuracy: 0.537117903930131 F1: 0.5046728971962617 54 69 41 65 229
000333 accuracy: 0.575 F1: 0.6458333333333333 93 45 36 66 240
000538 accuracy: 0.5169082125603864 F1: 0.5454545454545454 60 47 43 57 207
000625 accuracy: 0.5286343612334802 F1: 0.5367965367965367 62 58 44 63 227
000651 accuracy: 0.5979381443298969 F1: 0.6176470588235294 63 53 39 39 194
000725 accuracy: 0.5020576131687243 F1: 0.36649214659685864 35 87 88 33 243
000776 accuracy: 0.47950819672131145 F1: 0.5171102661596958 68 49 38 89 244
000858 accuracy: 0.5625 F1: 0.6171875 79 47 41 57 224
000895 accuracy: 0.5409836065573771 F1: 0.5942028985507246 82 50 43 69 244
002024 accuracy: 0.5477178423236515 F1: 0.575875486381323 74 58 43 66 241
002252 accuracy: 0.5119617224880383 F1: 0.5142857142857143 54 53 43 59 209
002304 accuracy: 0.45901639344262296 F1: 0.5037593984962406 67 45 65 67 244
002415 accuracy: 0.5173913043478261 F1: 0.4739336492890995 50 69 80 31 230
002594 accuracy: 0.5809128630705395 F1: 0.5627705627705628 65 75 54 47 241
002736 accuracy: 0.5785123966942148 F1: 0.48484848484848486 48 92 48 54 242
002739 accuracy: 0.45625 F1: 0.423841059602649 32 41 43 44 160
300059 accuracy: 0.5752212389380531 F1: 0.52 52 78 53 43 226
300104 accuracy: 0.48120300751879697 F1: 0.5035971223021583 35 29 17 52 133
600000 accuracy: 0.44871794871794873 F1: 0.47773279352226716 59 46 40 89 234
600010 accuracy: 0.5655737704918032 F1: 0.41758241758241754 38 100 73 33 244
600015 accuracy: 0.5040983606557377 F1: 0.5101214574898785 63 60 40 81 244
600016 accuracy: 0.46311475409836067 F1: 0.3791469194312797 40 73 62 69 244
600018 accuracy: 0.4897119341563786 F1: 0.34736842105263155 33 86 100 24 243
600019 accuracy: 0.5420560747663551 F1: 0.5775862068965517 67 49 44 54 214
600023 accuracy: 0.5327868852459017 F1: 0.46226415094339623 49 81 59 55 244
600028 accuracy: 0.5778688524590164 F1: 0.4824120603015076 48 93 58 45 244
600030 accuracy: 0.48770491803278687 F1: 0.4444444444444444 50 69 67 58 244
600036 accuracy: 0.551440329218107 F1: 0.588679245283019 78 56 47 62 243
600048 accuracy: 0.49173553719008267 F1: 0.5323193916349811 70 49 56 67 242
600050 accuracy: 0.5023474178403756 F1: 0.4044943820224719 36 71 55 51 213
600104 accuracy: 0.5294117647058824 F1: 0.5172413793103448 60 66 67 45 238
600111 accuracy: 0.5081967213114754 F1: 0.5652173913043477 78 46 44 76 244
600115 accuracy: 0.5625 F1: 0.45595854922279794 44 91 72 33 240
600276 accuracy: 0.5860655737704918 F1: 0.6622073578595318 99 44 44 57 244
600340 accuracy: 0.5439330543933054 F1: 0.5657370517928287 71 59 50 59 239
600485 accuracy: 0.556390977443609 F1: 0.5426356589147286 35 39 28 31 133
600518 accuracy: 0.525 F1: 0.5439999999999999 68 58 52 62 240
600519 accuracy: 0.5368852459016393 F1: 0.5425101214574899 67 64 67 46 244
600585 accuracy: 0.4918032786885246 F1: 0.4655172413793103 54 66 88 36 244
600637 accuracy: 0.46835443037974683 F1: 0.5116279069767442 66 45 41 85 237
600690 accuracy: 0.547945205479452 F1: 0.5479452054794521 60 60 68 31 219
600705 accuracy: 0.5541666666666667 F1: 0.4676616915422886 47 86 60 47 240
600795 accuracy: 0.57847533632287 F1: 0.3974358974358974 31 98 62 32 223
600837 accuracy: 0.4426229508196721 F1: 0.4848484848484848 64 44 37 99 244
600886 accuracy: 0.5178571428571429 F1: 0.47572815533980584 49 67 53 55 224
600887 accuracy: 0.5169491525423728 F1: 0.5289256198347108 64 58 70 44 236


***************************************************************************


    n = 4
    LR = 0.0005
    EPOCH = 100
    train_end = 1/3
    inputsize = 3

000001 accuracy: 0.45901639344262296 F1: 0.48837209302325585 63 49 56 76 244
000002 accuracy: 0.5728643216080402 F1: 0.6046511627906977 65 49 36 49 199
000063 accuracy: 0.48068669527896996 F1: 0.5631768953068593 78 34 50 71 233
000069 accuracy: 0.5347826086956522 F1: 0.5069124423963135 55 68 62 45 230
000166 accuracy: 0.5327510917030568 F1: 0.5632653061224491 69 53 26 81 229
000333 accuracy: 0.5791666666666667 F1: 0.6353790613718412 88 51 41 60 240
000538 accuracy: 0.5024154589371981 F1: 0.5253456221198156 57 47 46 57 207
000625 accuracy: 0.4801762114537445 F1: 0.4636363636363636 51 58 55 63 227
000651 accuracy: 0.5618556701030928 F1: 0.5933014354066984 62 47 40 45 194
000725 accuracy: 0.5637860082304527 F1: 0.35365853658536583 29 108 94 12 243
000776 accuracy: 0.4959016393442623 F1: 0.568421052631579 81 40 25 98 244
000858 accuracy: 0.5535714285714286 F1: 0.6323529411764706 86 38 34 66 224
000895 accuracy: 0.5368852459016393 F1: 0.614334470989761 90 41 35 78 244
002024 accuracy: 0.5477178423236515 F1: 0.6228373702422146 90 42 27 82 241
002252 accuracy: 0.5023923444976076 F1: 0.38095238095238093 32 73 65 39 209
002304 accuracy: 0.5573770491803278 F1: 0.5537190082644627 67 69 65 43 244
002415 accuracy: 0.5391304347826087 F1: 0.5267857142857143 59 65 71 35 230
002594 accuracy: 0.5435684647302904 F1: 0.5045045045045046 56 75 63 47 241
002736 accuracy: 0.5247933884297521 F1: 0.5228215767634855 63 64 33 82 242
002739 accuracy: 0.425 F1: 0.3134328358208956 21 47 54 38 160
300059 accuracy: 0.5796460176991151 F1: 0.5128205128205129 50 81 55 40 226
300104 accuracy: 0.48120300751879697 F1: 0.5430463576158939 41 23 11 58 133
600000 accuracy: 0.5299145299145299 F1: 0.4554455445544554 46 78 53 57 234
600010 accuracy: 0.5368852459016393 F1: 0.4083769633507853 39 92 72 41 244
600015 accuracy: 0.4672131147540984 F1: 0.42982456140350883 49 65 54 76 244
600016 accuracy: 0.5122950819672131 F1: 0.4615384615384615 51 74 51 68 244
600018 accuracy: 0.48559670781893005 F1: 0.2857142857142857 25 93 108 17 243
600019 accuracy: 0.5233644859813084 F1: 0.5984251968503937 76 36 35 67 214
600023 accuracy: 0.5040983606557377 F1: 0.4622222222222222 52 71 56 65 244
600028 accuracy: 0.5327868852459017 F1: 0.2784810126582279 22 108 84 30 244
600030 accuracy: 0.5327868852459017 F1: 0.5210084033613446 62 68 55 59 244
600036 accuracy: 0.49794238683127573 F1: 0.5080645161290323 63 58 62 60 243
600048 accuracy: 0.5247933884297521 F1: 0.4796380090497737 53 74 73 42 242
600050 accuracy: 0.5117370892018779 F1: 0.31578947368421056 24 85 67 37 213
600104 accuracy: 0.5462184873949579 F1: 0.5221238938053098 59 71 68 40 238
600111 accuracy: 0.5327868852459017 F1: 0.5777777777777778 78 52 44 70 244
600115 accuracy: 0.5208333333333334 F1: 0.39790575916230364 38 87 78 37 240
600276 accuracy: 0.5450819672131147 F1: 0.5842696629213483 78 55 65 46 244
600340 accuracy: 0.5439330543933054 F1: 0.5622489959839359 70 60 51 58 239
600485 accuracy: 0.5488721804511278 F1: 0.5238095238095238 33 40 30 30 133
600518 accuracy: 0.45416666666666666 F1: 0.45643153526970953 55 54 65 66 240
600519 accuracy: 0.4918032786885246 F1: 0.5118110236220472 65 55 69 55 244
600585 accuracy: 0.5081967213114754 F1: 0.4999999999999999 60 64 82 38 244
600637 accuracy: 0.46835443037974683 F1: 0.4661016949152542 55 56 52 74 237
600690 accuracy: 0.5296803652968036 F1: 0.5579399141630902 65 51 63 40 219
600705 accuracy: 0.5458333333333333 F1: 0.540084388185654 64 67 43 66 240
600795 accuracy: 0.5605381165919282 F1: 0.30985915492957744 22 103 71 27 223
600837 accuracy: 0.48770491803278687 F1: 0.463519313304721 54 65 47 78 244
600886 accuracy: 0.5044642857142857 F1: 0.4307692307692308 42 71 60 51 224
600887 accuracy: 0.5635593220338984 F1: 0.5896414342629482 74 59 60 43 236



    n = 2
    LR = 0.0005
    EPOCH = 100
    train_end = 1/3
    inputsize = 3

000001 accuracy: 0.5 F1: 0.35106382978723405 33 89 86 36 244
000002 accuracy: 0.5175879396984925 F1: 0.5151515151515151 51 52 50 46 199
000063 accuracy: 0.47639484978540775 F1: 0.5343511450381679 70 41 58 64 233
000069 accuracy: 0.5217391304347826 F1: 0.5217391304347827 60 60 57 53 230
000166 accuracy: 0.5545851528384279 F1: 0.5565217391304348 64 63 31 71 229
000333 accuracy: 0.5333333333333333 F1: 0.6241610738255035 93 35 36 76 240
000538 accuracy: 0.4927536231884058 F1: 0.5248868778280543 58 44 45 60 207
000625 accuracy: 0.4933920704845815 F1: 0.4888888888888889 55 57 51 64 227
000651 accuracy: 0.5721649484536082 F1: 0.5743589743589743 56 55 46 37 194
000725 accuracy: 0.5390946502057613 F1: 0.23287671232876714 17 114 106 6 243
000776 accuracy: 0.48770491803278687 F1: 0.5614035087719298 80 39 26 99 244
000858 accuracy: 0.5580357142857143 F1: 0.5676855895196505 65 60 55 44 224
000895 accuracy: 0.610655737704918 F1: 0.6090534979423868 74 75 51 44 244
002024 accuracy: 0.5518672199170125 F1: 0.6470588235294118 99 34 18 90 241
002252 accuracy: 0.5119617224880383 F1: 0.5565217391304348 64 43 33 69 209
002304 accuracy: 0.47950819672131145 F1: 0.47302904564315346 57 60 75 52 244
002415 accuracy: 0.4956521739130435 F1: 0.3894736842105263 37 77 93 23 230
002594 accuracy: 0.5435684647302904 F1: 0.5416666666666666 65 66 54 56 241
002736 accuracy: 0.43388429752066116 F1: 0.5448504983388704 82 23 14 123 242
002739 accuracy: 0.425 F1: 0.38666666666666666 29 39 46 46 160
300059 accuracy: 0.5796460176991151 F1: 0.4444444444444445 38 93 67 28 226
300104 accuracy: 0.46616541353383456 F1: 0.5170068027210885 38 24 14 57 133
600000 accuracy: 0.5299145299145299 F1: 0.4270833333333333 41 83 58 52 234
600010 accuracy: 0.5409836065573771 F1: 0.46153846153846156 48 84 63 49 244
600015 accuracy: 0.5204918032786885 F1: 0.5338645418326693 67 60 36 81 244
600016 accuracy: 0.4959016393442623 F1: 0.49382716049382713 60 61 42 81 244
600018 accuracy: 0.5020576131687243 F1: 0.3529411764705882 33 89 100 21 243
600019 accuracy: 0.5467289719626168 F1: 0.5764192139737991 66 51 45 52 214
600023 accuracy: 0.5532786885245902 F1: nan 0 135 108 1 244
600028 accuracy: 0.5778688524590164 F1: 0.055045871559633024 3 138 103 0 244
600030 accuracy: 0.5450819672131147 F1: 0.5432098765432098 66 67 51 60 244
600036 accuracy: 0.5061728395061729 F1: 0.6 90 33 35 85 243
600048 accuracy: 0.5702479338842975 F1: 0.651006711409396 97 41 29 75 242
600050 accuracy: 0.49295774647887325 F1: 0.37931034482758624 33 72 58 50 213
600104 accuracy: 0.5378151260504201 F1: 0.4761904761904762 50 78 77 33 238
600111 accuracy: 0.5327868852459017 F1: 0.5289256198347108 64 66 58 56 244
600115 accuracy: 0.5583333333333333 F1: 0.4752475247524752 48 86 68 38 240
600276 accuracy: 0.48770491803278687 F1: 0.4897959183673469 60 59 83 42 244
600340 accuracy: 0.4895397489539749 F1: 0.5158730158730158 65 52 56 66 239
600485 accuracy: 0.5263157894736842 F1: 0.5263157894736842 35 35 28 35 133
600518 accuracy: 0.45416666666666666 F1: 0.45643153526970953 55 54 65 66 240
600519 accuracy: 0.48770491803278687 F1: 0.48559670781893005 59 60 75 50 244
600585 accuracy: 0.5163934426229508 F1: 0.5163934426229507 63 63 79 39 244
600637 accuracy: 0.4810126582278481 F1: 0.48101265822784806 57 57 50 73 237
600690 accuracy: 0.5388127853881278 F1: 0.5388127853881279 59 59 69 32 219
600705 accuracy: 0.5458333333333333 F1: 0.5477178423236515 66 65 41 68 240
600795 accuracy: 0.5874439461883408 F1: 0.1320754716981132 7 124 86 6 223
600837 accuracy: 0.48360655737704916 F1: 0.4878048780487805 60 58 41 85 244
600886 accuracy: 0.5 F1: 0.49549549549549543 55 57 47 65 224
600887 accuracy: 0.5932203389830508 F1: 0.6444444444444445 87 53 47 49 236


    n = 3
    LR = 0.0005
    EPOCH = 100
    train_end = 1/3
    inputsize = 3
000001 accuracy: 0.4344262295081967 F1: 0.43902439024390244 54 52 65 73 244
000002 accuracy: 0.5577889447236181 F1: 0.6106194690265486 69 42 32 56 199
000063 accuracy: 0.5064377682403434 F1: 0.5660377358490567 75 43 53 62 233
000069 accuracy: 0.49130434782608695 F1: 0.47058823529411764 52 61 65 52 230
000166 accuracy: 0.5458515283842795 F1: 0.543859649122807 62 63 33 71 229
000333 accuracy: 0.5458333333333333 F1: 0.5947955390334572 80 51 49 60 240
000538 accuracy: 0.4927536231884058 F1: 0.5070422535211268 54 48 49 56 207
000625 accuracy: 0.4977973568281938 F1: 0.49107142857142855 55 58 51 63 227
000651 accuracy: 0.5721649484536082 F1: 0.5699481865284973 55 56 47 36 194
000725 accuracy: 0.5267489711934157 F1: 0.21768707482993196 16 112 107 8 243
000776 accuracy: 0.4959016393442623 F1: 0.594059405940594 90 31 16 107 244
000858 accuracy: 0.5758928571428571 F1: 0.627450980392157 80 49 40 55 224
000895 accuracy: 0.5368852459016393 F1: 0.6245847176079735 94 37 31 82 244
002024 accuracy: 0.5394190871369294 F1: 0.5992779783393503 83 47 34 77 241
002252 accuracy: 0.5167464114832536 F1: 0.5024630541871921 51 57 46 55 209
002304 accuracy: 0.5081967213114754 F1: 0.4444444444444444 48 76 84 36 244
002415 accuracy: 0.5347826086956522 F1: 0.5244444444444444 59 64 71 36 230
002594 accuracy: 0.5435684647302904 F1: 0.5378151260504201 64 67 55 55 241
002736 accuracy: 0.5495867768595041 F1: 0.4784688995215311 50 83 46 63 242
002739 accuracy: 0.48125 F1: 0.35658914728682173 23 54 52 31 160
300059 accuracy: 0.588495575221239 F1: 0.5373134328358209 54 79 51 42 226
300104 accuracy: 0.45112781954887216 F1: 0.4895104895104896 35 25 17 56 133
600000 accuracy: 0.5213675213675214 F1: 0.2911392405063291 23 99 76 36 234
600010 accuracy: 0.5655737704918032 F1: 0.345679012345679 28 110 83 23 244
600015 accuracy: 0.47950819672131145 F1: 0.5134099616858238 67 50 36 91 244
600016 accuracy: 0.4918032786885246 F1: 0.487603305785124 59 61 43 81 244
600018 accuracy: 0.4773662551440329 F1: 0.22085889570552147 18 98 115 12 243
600019 accuracy: 0.5233644859813084 F1: 0.5853658536585367 72 40 39 63 214
600023 accuracy: 0.5 F1: 0.42452830188679247 45 77 63 59 244
600028 accuracy: 0.5450819672131147 F1: 0.3105590062111801 25 108 81 30 244
600030 accuracy: 0.5491803278688525 F1: 0.5454545454545455 66 68 51 59 244
600036 accuracy: 0.4567901234567901 F1: 0.5074626865671642 68 43 57 75 243
600048 accuracy: 0.5371900826446281 F1: 0.504424778761062 57 73 69 43 242
600050 accuracy: 0.5539906103286385 F1: 0.40993788819875776 33 85 58 37 213
600104 accuracy: 0.5504201680672269 F1: 0.5446808510638298 64 67 63 44 238
600111 accuracy: 0.5450819672131147 F1: 0.5842696629213483 78 55 44 67 244
600115 accuracy: 0.55 F1: 0.4600000000000001 46 86 70 38 240
600276 accuracy: 0.5409836065573771 F1: 0.5692307692307692 74 58 69 43 244
600340 accuracy: 0.4686192468619247 F1: 0.4940239043824701 62 50 59 68 239
600485 accuracy: 0.5263157894736842 F1: 0.5190839694656489 34 36 29 34 133
600518 accuracy: 0.45416666666666666 F1: 0.45188284518828453 54 55 66 65 240
600519 accuracy: 0.5040983606557377 F1: 0.5567765567765568 76 47 58 63 244
600585 accuracy: 0.48770491803278687 F1: 0.4075829383886256 43 76 99 26 244
600637 accuracy: 0.4767932489451477 F1: 0.48333333333333334 58 55 49 75 237
600690 accuracy: 0.4703196347031963 F1: 0.5126050420168067 61 42 67 49 219
600705 accuracy: 0.55 F1: 0.5537190082644629 67 65 40 68 240
600795 accuracy: 0.5605381165919282 F1: 0.20967741935483872 13 112 80 18 223
600837 accuracy: 0.4426229508196721 F1: 0.5668789808917198 89 19 12 124 244
600886 accuracy: 0.5 F1: 0.5 56 56 46 66 224
600887 accuracy: 0.5550847457627118 F1: 0.5679012345679012 69 62 65 40 236

    n = 6
    LR = 0.0005
    EPOCH = 100
    train_end = 1/3
    inputsize = 3

000001 accuracy: 0.4918032786885246 F1: 0.5373134328358209 72 48 47 77 244
000002 accuracy: 0.5226130653266332 F1: 0.4025157232704402 32 72 69 26 199
000063 accuracy: 0.5278969957081545 F1: 0.60431654676259 84 39 44 66 233
000069 accuracy: 0.5434782608695652 F1: 0.5333333333333333 60 65 57 48 230
000166 accuracy: 0.5589519650655022 F1: 0.5120772946859903 53 75 42 59 229
000333 accuracy: 0.5083333333333333 F1: 0.5874125874125873 84 38 45 73 240
000538 accuracy: 0.5024154589371981 F1: 0.5339366515837104 59 45 44 59 207
000625 accuracy: 0.5550660792951542 F1: 0.5589519650655022 64 62 42 59 227
000651 accuracy: 0.5721649484536082 F1: 0.5870646766169154 59 52 43 40 194
000725 accuracy: 0.5102880658436214 F1: 0.22222222222222224 17 107 106 13 243
000776 accuracy: 0.5122950819672131 F1: 0.5258964143426295 66 59 40 79 244
000858 accuracy: 0.5803571428571429 F1: 0.6569343065693432 90 40 30 64 224
000895 accuracy: 0.4672131147540984 F1: 0.5608108108108107 83 31 42 88 244
002024 accuracy: 0.5394190871369294 F1: 0.5680933852140079 73 57 44 67 241
002252 accuracy: 0.47368421052631576 F1: 0.4660194174757282 48 51 49 61 209
002304 accuracy: 0.5737704918032787 F1: 0.5806451612903226 72 68 60 44 244
002415 accuracy: 0.5565217391304348 F1: 0.6165413533834586 82 46 48 54 230
002594 accuracy: 0.5767634854771784 F1: 0.5603448275862069 65 74 54 48 241
002736 accuracy: 0.5165289256198347 F1: 0.48 54 71 42 75 242
002739 accuracy: 0.5 F1: 0.21568627450980393 11 69 64 16 160
300059 accuracy: 0.5929203539823009 F1: 0.5208333333333333 50 84 55 37 226
300104 accuracy: 0.47368421052631576 F1: 0.5070422535211268 36 27 16 54 133
600000 accuracy: 0.4700854700854701 F1: 0.4959349593495935 61 49 38 86 234
600010 accuracy: 0.5286885245901639 F1: 0.3915343915343915 37 92 74 41 244
600015 accuracy: 0.5 F1: 0.46956521739130436 54 68 49 73 244
600016 accuracy: 0.5163934426229508 F1: 0.42156862745098034 43 83 59 59 244
600018 accuracy: 0.4773662551440329 F1: 0.34196891191709844 33 83 100 27 243
600019 accuracy: 0.4953271028037383 F1: 0.5573770491803278 68 38 43 65 214
600023 accuracy: 0.5163934426229508 F1: 0.4485981308411215 48 78 60 58 244
600028 accuracy: 0.5491803278688525 F1: 0.30379746835443033 24 110 82 28 244
600030 accuracy: 0.5532786885245902 F1: 0.5198237885462555 59 76 58 51 244
600036 accuracy: 0.5267489711934157 F1: 0.5267489711934157 64 64 61 54 243
600048 accuracy: 0.512396694214876 F1: 0.5426356589147286 70 54 56 62 242
600050 accuracy: 0.5633802816901409 F1: 0.40764331210191085 32 88 59 34 213
600104 accuracy: 0.5378151260504201 F1: 0.5703125 73 55 54 56 238
600111 accuracy: 0.5204918032786885 F1: 0.5447470817120622 70 57 52 65 244
600115 accuracy: 0.5208333333333334 F1: 0.1843971631205674 13 112 103 12 240
600276 accuracy: 0.48770491803278687 F1: 0.5283018867924527 70 49 73 52 244
600340 accuracy: 0.5271966527196653 F1: 0.5568627450980391 71 55 50 63 239
600485 accuracy: 0.5488721804511278 F1: 0.6000000000000001 45 28 18 42 133
600518 accuracy: 0.49583333333333335 F1: 0.5101214574898786 63 56 57 64 240
600519 accuracy: 0.5245901639344263 F1: 0.536 67 61 67 49 244
600585 accuracy: 0.42213114754098363 F1: 0.2842639593908629 28 75 114 27 244
600637 accuracy: 0.45147679324894513 F1: 0.4961240310077519 64 43 43 87 237
600690 accuracy: 0.4794520547945205 F1: 0.3804347826086957 35 70 93 21 219
600705 accuracy: 0.5291666666666667 F1: 0.49327354260089684 55 72 52 61 240
600795 accuracy: 0.5650224215246636 F1: 0.389937106918239 31 95 62 35 223
600837 accuracy: 0.48770491803278687 F1: 0.489795918367347 60 59 41 84 244
600886 accuracy: 0.53125 F1: 0.48275862068965514 49 70 53 52 224
600887 accuracy: 0.5508474576271186 F1: 0.6074074074074075 82 48 52 54 236

    n = 7
    LR = 0.0005
    EPOCH = 100
    train_end = 1/3
    inputsize = 3

000001 accuracy: 0.45081967213114754 F1: 0.5073529411764706 69 41 50 84 244
000002 accuracy: 0.5477386934673367 F1: 0.5631067961165049 58 51 43 47 199
000063 accuracy: 0.4721030042918455 F1: 0.528735632183908 69 41 59 64 233
000069 accuracy: 0.5391304347826087 F1: 0.5092592592592594 55 69 62 44 230
000166 accuracy: 0.5152838427947598 F1: 0.54320987654321 66 52 29 82 229
000333 accuracy: 0.5666666666666667 F1: 0.6 78 58 51 53 240
000538 accuracy: 0.5265700483091788 F1: 0.5811965811965811 68 41 35 63 207
000625 accuracy: 0.5286343612334802 F1: 0.5069124423963134 55 65 51 56 227
000651 accuracy: 0.5824742268041238 F1: 0.5888324873096447 58 55 44 37 194
000725 accuracy: 0.5020576131687243 F1: 0.29239766081871343 25 97 98 23 243
000776 accuracy: 0.4672131147540984 F1: 0.5357142857142857 75 39 31 99 244
000858 accuracy: 0.5178571428571429 F1: 0.5304347826086956 61 55 59 49 224
000895 accuracy: 0.569672131147541 F1: 0.6236559139784947 87 52 38 67 244
002024 accuracy: 0.5601659751037344 F1: 0.5760000000000001 72 63 45 61 241
002252 accuracy: 0.5167464114832536 F1: 0.4540540540540541 42 66 55 46 209
002304 accuracy: 0.5163934426229508 F1: 0.5163934426229508 63 63 69 49 244
002415 accuracy: 0.5217391304347826 F1: 0.5634920634920635 71 49 59 51 230
002594 accuracy: 0.5767634854771784 F1: 0.5405405405405406 60 79 59 43 241
002736 accuracy: 0.5082644628099173 F1: 0.4079601990049751 41 82 55 64 242
002739 accuracy: 0.4625 F1: 0.14 7 67 68 18 160
300059 accuracy: 0.5929203539823009 F1: 0.471264367816092 41 93 64 28 226
300104 accuracy: 0.556390977443609 F1: 0.37894736842105264 18 56 34 25 133
600000 accuracy: 0.4829059829059829 F1: 0.5291828793774319 68 45 31 90 234
600010 accuracy: 0.5778688524590164 F1: 0.5024154589371981 52 89 59 44 244
600015 accuracy: 0.4959016393442623 F1: 0.5020242914979757 62 59 41 82 244
600016 accuracy: 0.4918032786885246 F1: 0.42056074766355145 45 75 57 67 244
600018 accuracy: 0.4609053497942387 F1: 0.3732057416267942 39 73 94 37 243
600019 accuracy: 0.4953271028037383 F1: 0.5344827586206896 62 44 49 59 214
600023 accuracy: 0.4959016393442623 F1: 0.46288209606986896 53 68 55 68 244
600028 accuracy: 0.5245901639344263 F1: 0.3695652173913044 34 94 72 44 244
600030 accuracy: 0.5368852459016393 F1: 0.5311203319502075 64 67 53 60 244
600036 accuracy: 0.5061728395061729 F1: 0.5419847328244274 71 52 54 66 243
600048 accuracy: 0.5495867768595041 F1: 0.5823754789272031 76 57 50 59 242
600050 accuracy: 0.5586854460093896 F1: 0.2295081967213115 14 105 77 17 213
600104 accuracy: 0.5294117647058824 F1: 0.5409836065573771 66 60 61 51 238
600111 accuracy: 0.4918032786885246 F1: 0.5441176470588235 74 46 48 76 244
600115 accuracy: 0.5458333333333333 F1: 0.29677419354838713 23 108 93 16 240
600276 accuracy: 0.5040983606557377 F1: 0.5254901960784313 67 56 76 45 244
600340 accuracy: 0.5397489539748954 F1: 0.5564516129032259 69 60 52 58 239
600485 accuracy: 0.5112781954887218 F1: 0.5185185185185186 35 33 28 37 133
600518 accuracy: 0.4583333333333333 F1: 0.4715447154471545 58 52 62 68 240
600519 accuracy: 0.5163934426229508 F1: 0.5042016806722689 60 66 74 44 244
600585 accuracy: 0.4385245901639344 F1: 0.3251231527093596 33 74 109 28 244
600637 accuracy: 0.5063291139240507 F1: 0.5375494071146245 68 52 39 78 237
600690 accuracy: 0.5251141552511416 F1: 0.5047619047619047 53 62 75 29 219
600705 accuracy: 0.5708333333333333 F1: 0.4663212435233161 45 92 62 41 240
600795 accuracy: 0.5022421524663677 F1: 0.38674033149171266 35 77 58 53 223
600837 accuracy: 0.47540983606557374 F1: 0.4796747967479674 59 57 42 86 244
600886 accuracy: 0.4732142857142857 F1: 0.4271844660194175 44 62 58 60 224
600887 accuracy: 0.538135593220339 F1: 0.588679245283019 78 49 56 53 236
