002739 600519 002594 300059 000538 002304 002027 600663 600637 002673 002415 000333 600061 600340 600485 002252 000651 000776 600276 600030 002736 000063 600606 000858 000625 600518 600104 600111 002024 001979 000895 600585 000166 600048 000069 600036 600015 000001 600115 600016 600023 600018 600000 600050 600019 600010 000725 600028 
002739 002027 300059 600606 600518 001979 002024 600115 600050 600036 600028 000166 000069 600585 600023 600018 000725 600061 600015 000001 600010 600016 002736 002673 600000 600111 000625 600019 600030 600104 600048 600340 000776 600637 002252 000063 000895 000858 600276 002594 000651 002415 000538 000333 600485 600519 002304 600663 
600519 002304 001979 600015 600016 600050 002673 600036 600018 000538 002415 000725 000001 600000 600048 600023 600028 000069 000063 000651 600061 000166 600637 002736 000895 600104 600115 000333 600030 600010 600606 600340 002252 600518 000776 600019 000625 000858 002024 600585 600111 600485 600276 600663 002594 300059 002027 002739 
600519 002739 002304 600663 002594 000538 300059 002027 600637 002673 600485 000333 002415 600340 600061 600276 002252 001979 002736 000776 000063 600030 000651 600606 600518 000858 000625 600111 600104 600585 002024 600048 000166 000895 600015 000069 600036 600023 000001 600019 600000 600016 600018 600050 600010 600115 600028 000725 
002027 001979 002304 600000 600016 600015 600637 600028 000725 600036 600023 600050 600018 000001 000166 600010 000069 002024 002736 600606 600115 600518 300059 600048 000776 000063 600030 600104 600019 600111 600585 000858 000651 000895 000625 000333 000538 002415 600340 600061 002252 002673 600276 600519 600485 600663 002594 002739 
002739 600519 002027 002673 600637 600276 000538 600061 000858 002304 002415 001979 002594 300059 000333 002736 000776 600518 600030 600663 000625 000895 000651 002252 600036 000063 600585 600048 600606 000166 600485 600104 000069 600015 600000 600050 600023 000001 002024 600018 600016 600010 600111 600019 600028 000725 600340 600115 
600519 600485 600276 000895 002415 600637 600019 600111 600010 600036 600585 600104 600115 600015 600050 002024 000858 600016 000725 600018 600028 000001 600518 600023 000069 000063 000625 600048 000651 000538 000166 600030 000776 002736 600340 600000 000333 600606 600061 002304 001979 002673 600663 300059 002594 002252 002027 002739 
600663 002739 002027 002594 600485 000538 300059 600340 002304 600276 600637 002252 600606 600518 002415 000063 000895 000625 002024 600015 000651 600115 000069 600018 000776 600023 600585 600111 600048 000166 600036 000001 600000 000725 600028 600050 600016 600030 600010 001979 000858 002736 000333 600019 600104 600061 002673 600519 
600663 600115 600028 600050 600036 000725 600018 600016 600010 000001 600015 600585 600023 000069 000858 002024 000166 000625 000651 000895 600048 600019 600340 600518 600276 000063 600485 600111 600030 600000 600637 000776 600104 000333 600606 002415 000538 002736 002252 600061 002673 001979 002027 002304 002594 300059 002739 600519 
600519 002739 000538 002594 300059 600637 600276 600340 002304 000333 002415 002673 600485 600061 001979 000651 600030 000858 002736 600111 000063 600585 600048 000895 600606 002024 000625 600115 000776 002252 600663 600036 000069 600000 600018 600015 000001 600050 600023 600518 000166 600019 600028 600010 600104 000725 600016 002027 
000333 600340 002594 600663 600585 600104 002673 000895 600036 000001 600518 002739 002415 600019 600023 002736 600028 000069 000725 600050 600061 600010 600018 600111 600048 600016 000651 600606 000776 000625 000166 600000 600030 001979 600015 600115 000063 002252 600485 002024 002304 000858 600276 600519 600637 000538 300059 002027 
000725 600016 600010 600000 600028 600050 600023 600019 600018 600015 600115 000166 600036 002415 000001 000069 600111 600518 000063 000895 001979 600030 600606 002027 600104 600585 000625 002736 000776 600048 002024 000651 600485 600061 002739 600276 000858 600637 000333 002252 000538 002594 600340 600663 300059 002304 002673 600519 
600519 002739 002304 300059 000538 002415 600663 002594 002252 002027 000333 001979 600104 600340 600637 002673 600000 600585 000895 600048 000651 600606 600019 000625 000858 600030 000776 600518 600015 600036 000001 000069 000166 600050 600111 600028 600010 000725 600276 002736 600016 600018 600023 000063 002024 600115 600061 600485 
002739 002027 002673 600663 600519 300059 600061 600485 002594 600340 600276 000538 002415 600637 000333 002736 600606 000776 600030 600000 002024 001979 000858 000651 002304 000895 600111 600104 000166 600115 600019 600023 600036 600585 000001 000063 000069 002252 600050 600048 000625 600015 600016 600018 600010 600028 000725 600518 
002594 002673 002304 600115 002252 002415 600036 000069 000538 000725 000858 600016 600050 600018 600023 000333 600061 600585 600028 000895 600010 000001 001979 600019 000166 600015 600518 600606 600104 600111 000776 600030 002024 600048 002736 000063 600485 000625 000651 600276 300059 600000 600340 600637 002739 002027 600519 
002739 300059 002027 600340 002594 002673 600061 002024 000166 600050 000001 600115 600606 600015 000625 600010 600104 600016 600000 000069 000063 000725 600023 600519 600018 600028 000776 001979 600518 600030 600048 600585 000333 000651 600019 000895 002736 600036 600637 600111 002415 000858 600485 600276 002252 000538 002304 
002739 002594 600519 300059 002027 000538 600637 600485 002415 600061 002252 600340 002736 001979 000776 600030 000333 000063 002024 600276 002673 600104 600585 000858 000625 600606 600518 000895 600111 000166 000651 600036 600048 600023 000069 600015 000001 600019 600018 600050 600000 600115 000725 600028 600010 600016 002304 
002594 002304 600061 600485 600340 000858 000776 002736 600115 600023 600585 001979 000166 000651 600018 600104 000069 600050 000538 000725 600606 002024 600030 000063 000001 600000 600010 600518 600015 600028 600036 600016 002673 600048 000895 002252 000625 600019 000333 600111 600276 002027 600637 002415 600519 300059 002739 
002739 600519 002594 002027 600485 300059 002304 600637 002673 600111 600276 000063 002252 002415 600585 001979 002736 600115 000776 600048 002024 600061 600036 000858 600340 600010 600019 600518 600023 600030 600018 600015 600050 000001 600606 000651 000166 600000 600104 000725 600028 000538 600016 000069 000895 000625 000333 
600019 600028 000725 600016 600115 600018 000069 600050 600023 002252 600585 600015 600036 600010 000001 600111 600000 002024 600048 000166 000651 000063 600518 600606 000625 001979 600485 000776 002736 000895 000333 600030 600104 600340 600637 600061 000858 002673 600276 002739 002304 300059 000538 002415 002594 002027 600519 
002739 002673 300059 600061 000538 600340 600000 600518 001979 600111 600585 000651 000776 600036 600019 600030 002415 600015 000001 000166 000063 600115 600010 002304 002024 600023 600048 000069 600016 600050 600028 000625 002736 600606 600018 600104 000725 000333 600637 002252 000895 000858 600519 600276 002027 002594 
000895 600016 600019 600028 000725 600010 600018 600050 600036 600023 000001 600015 600115 000858 000166 002024 600104 000333 600585 600000 600111 600276 000069 000625 600030 000063 600518 600061 000776 600048 002736 600606 002673 000651 002252 600340 002415 600637 002304 001979 002027 000538 300059 002594 002739 600519 
600519 002673 600104 000333 000538 002415 600036 600000 000063 600061 002736 600030 000651 600111 000776 600019 000001 600585 600518 600028 600015 600018 600010 002594 600016 300059 000166 002304 000725 600023 000069 600050 000625 002024 600115 000858 600048 600606 001979 002252 000895 600637 600340 002027 600276 002739 
600276 000625 600606 600048 002304 001979 600637 600016 000725 000858 000069 600340 600010 000895 600050 600019 600028 600018 600115 000001 000166 600015 600023 000333 600518 000776 600585 600030 000651 002736 600104 000063 600061 600036 002024 000538 002415 002252 600111 002673 600000 300059 002594 002027 600519 002739 
002027 300059 002594 600519 002673 600061 000858 600276 600340 002736 600030 000776 001979 000625 000538 600111 002415 600104 000651 000166 000063 600606 600050 600048 600023 000069 600010 000001 600016 600015 002739 600036 600585 600018 000725 002024 600028 600019 000895 600637 600115 000333 002252 002304 600518 600000 
600519 002304 600061 000538 002027 002673 000333 000858 300059 600606 600637 001979 002736 000063 600340 600585 000895 000651 600036 600030 600015 600048 000069 000776 000001 000166 600019 600018 002594 600023 000625 600028 002024 600050 000725 600010 600016 600000 600276 600104 002415 600115 600518 002739 600111 002252 
600010 600115 600028 600016 600050 600019 600018 000001 000725 000069 600048 600015 600111 600518 600036 000166 600023 600104 000895 002252 000625 000651 002024 600585 600606 001979 002736 000063 002415 600340 600276 000858 000776 000333 600637 600030 600061 002304 000538 002673 002739 002594 002027 300059 600519 
002739 600519 002252 600276 300059 002304 000858 600518 600016 600023 600115 600111 000625 002415 000166 600010 600048 600028 600015 000069 600019 600050 600036 600018 000725 600104 000776 002736 600606 000651 000001 000538 002024 600030 000333 600637 001979 000063 000895 002673 600061 600340 600585 002027 002594 
002304 002027 002415 002739 000538 600276 600519 002594 002252 002673 000858 600061 600104 002024 600637 000625 300059 000895 600115 000063 600036 000333 000776 600340 600111 001979 600030 000001 600018 600015 000725 002736 000166 000069 600010 600028 000651 600023 600019 600050 600016 600518 600606 600048 600585 
002739 000538 002415 002027 001979 000333 600061 600048 000858 600036 600340 600104 600637 600111 600585 600016 600115 600015 000001 600028 600019 600023 600018 000725 002673 600010 600606 600050 600518 000651 000166 002024 002736 000776 000069 000625 600030 002252 000063 002304 000895 300059 600276 002594 600519 
000725 600028 600016 600018 600023 600010 000069 600115 002252 600050 002024 002594 000166 000001 600104 600036 000895 000063 600015 600048 001979 600019 600518 000625 000333 000776 600030 600585 002736 000858 600340 600637 002027 300059 600061 600111 600276 600606 002739 000538 002304 002673 002415 600519 
002739 002027 300059 000538 002673 600637 600061 002252 600606 002415 600030 000895 600585 002024 000776 000625 600115 000063 600036 600340 000333 000001 002736 600015 600016 600104 600518 000166 600050 000069 600111 001979 600023 000725 600010 600018 600028 600048 600019 000858 002594 600276 002304 600519 
002304 300059 600340 001979 600518 002027 600585 000895 000333 600036 600010 600111 000725 600028 600048 600016 600015 000001 600019 000538 000166 600104 002736 600115 000069 600018 002252 600050 000776 600023 002673 600030 000858 000063 600276 000625 600637 002594 600606 002024 600061 002415 600519 
600519 300059 002304 002594 000538 600637 002673 600340 001979 002415 000333 000776 600276 600030 002736 000063 002252 600518 600061 600111 000858 600585 600606 000625 002024 000895 600104 000166 600048 600036 600023 600115 000069 600015 000001 600018 600050 600019 600016 600010 600028 000725 002027 
002027 002673 600061 300059 000538 600115 000725 600050 600104 000069 600010 000776 600028 002024 600023 002736 600048 000166 600015 000001 000625 600019 000063 600016 600018 000895 600518 600036 001979 600030 600637 600111 600276 000858 000333 600585 600340 002252 002594 600606 002415 002304 600519 
300059 002027 000538 600519 002594 002304 002673 600061 600637 600276 000858 002415 000333 002024 002736 000625 000063 000776 000895 600111 000166 600115 000001 600340 600019 600023 600030 600010 600018 600050 000725 001979 600518 000069 600015 600028 600036 600016 600104 600048 600585 002252 600606 
600276 600016 600018 600115 600050 600028 600019 600010 600104 000725 600015 600036 600023 002252 000001 600637 002027 600518 002024 000538 000625 000069 000166 600111 000063 000858 600048 600585 600061 000895 600606 002736 000776 600340 000333 002594 002673 002415 600030 001979 300059 002304 600519 
000725 600016 600028 600050 600010 600018 600023 600115 000625 600036 600019 600015 000166 000001 002024 600518 600104 000895 000069 600061 600030 002736 002252 600048 000063 002673 002415 000858 600637 600276 600111 002027 000776 600606 600585 001979 300059 000538 000333 600340 002594 002304 600519 
000333 002415 600585 002252 002673 600606 000538 002594 600061 002027 600030 600111 002736 001979 000069 600340 000776 300059 600048 600019 002024 000166 600010 000725 000895 600028 600115 600050 000001 600018 600023 600104 600015 600016 600637 600036 000063 000858 600276 600518 002304 600519 
300059 002252 600606 600061 000063 002024 002673 000776 600048 000069 600010 000725 600115 600019 002736 600030 600023 001979 600050 002594 600028 000166 600111 000001 600018 000895 002027 600340 600015 000333 000538 600585 600016 000858 600104 600276 002415 600036 600637 600518 002304 600519 
600519 002304 600518 600104 600036 600015 600585 600016 600637 002415 600048 600018 000001 600030 600050 600028 000725 600606 600023 000069 600115 000776 000333 000166 002024 600340 600010 001979 000895 000858 002736 600019 600276 002594 002673 600061 000538 002252 600111 002027 300059 
600519 002594 600606 001979 600111 000333 002673 600340 002027 000858 002252 002415 600585 600061 600048 002736 000776 000166 600023 000001 000069 600276 600115 600010 600019 600050 000725 600028 002024 600018 002304 600015 000895 600016 600036 600030 000538 600104 600637 600518 300059 
600519 002027 000538 002594 300059 600111 600606 001979 002415 002252 600061 002736 000776 000069 002024 600340 000895 000858 600019 000166 600010 600048 600030 000001 600028 600023 000333 000725 002304 002673 600018 600585 600050 600115 600016 600015 600637 600036 600518 600104 600276 
600276 600340 002027 300059 600637 001979 002673 600585 600104 002594 600030 600048 002415 000776 600036 600016 002736 600015 600606 000069 002024 600115 600061 600111 000166 600023 600019 002252 600018 600050 600028 600010 000725 000001 600518 000538 000333 000858 600519 000895 002304 
600000 002304 600340 002027 002594 001979 000538 600111 600606 600048 600276 000895 600115 000069 000333 000725 600519 600019 600023 000001 600010 600018 600050 600637 600028 000166 002415 002252 600104 600061 600518 600016 002736 600036 600015 000776 600585 002024 300059 002673 000858 600030 
600519 002304 600518 600104 600000 600016 600036 600015 600018 600028 000858 600010 600050 000725 600019 000001 600023 600115 600276 000069 600030 600048 000166 002024 000895 600606 600111 002673 600340 001979 002736 600061 000333 600585 000776 002252 002415 600637 002027 000538 300059 002594 
002304 002027 300059 002252 000895 002673 600061 600340 001979 600637 002736 600030 000776 002024 600019 000069 000166 600010 000725 600018 600023 600028 600050 600104 600115 000001 600015 000858 000333 600585 600048 600036 600016 600000 002415 600111 600518 000538 002594 600276 600606 600519 
600519 002594 600606 300059 002415 000333 600111 002304 600061 000858 002673 002024 002736 001979 600048 000538 000166 000776 000069 600010 000725 002027 000895 600019 000001 600023 600050 600018 600115 600028 600030 600015 600276 600518 600016 600585 600340 002252 600036 600104 600637 600000 
600000 600518 600016 600104 600036 600585 600015 600028 600018 000725 600048 600019 600010 600050 600023 600115 000001 000069 600606 000895 000166 000858 600340 600111 600276 600637 002024 002252 000538 002736 600061 600030 000776 001979 000333 002673 002415 600519 002027 002304 002594 300059 
600519 600276 002304 600518 600585 600016 600104 600036 600050 600018 600028 000725 600115 600015 600010 600023 600048 600019 000001 600000 000333 600111 000895 000166 000069 600606 600030 002252 600637 600340 000776 000858 002736 001979 002024 000538 002415 600061 002027 002594 002673 300059 
000895 600028 600585 000725 600018 600015 600518 600036 600010 600016 600019 002594 000538 600023 002024 000069 600104 600050 001979 600115 600276 600048 600000 600340 000001 600606 000858 600111 600637 000333 002252 000166 002027 002415 000776 002736 002304 600030 600061 002673 300059 600519 
300059 002252 600030 600276 002736 002415 000776 600340 001979 002027 600606 000538 600111 000166 002304 600048 000069 600019 600637 600115 600104 000001 600023 600010 600018 000725 600050 600028 600036 600518 600585 600016 600015 002024 000858 000895 600000 000333 600061 002594 002673 600519 
002594 002252 600518 000333 000858 600048 600015 600016 000001 001979 600000 600115 600036 600104 600028 600018 600637 000725 600276 600023 000069 600019 600050 600606 600010 000538 002415 002024 000895 000166 002304 002736 600340 600111 600030 600585 000776 600519 002027 600061 002673 300059 
300059 600061 000538 002027 600030 002252 002673 002415 002594 002736 000776 600111 600585 600637 600000 002024 000166 600518 001979 002304 600104 000001 000895 600048 600015 600606 000069 600023 600028 600019 600050 600010 600018 600115 600036 600016 000725 600276 600340 000858 000333 600519 
002673 300059 002415 600585 600340 002027 600050 600019 600010 600028 600016 000895 600000 600036 600111 600023 600015 600018 600048 000001 600606 600115 600030 000725 000069 000166 001979 600276 600061 002024 600518 000776 600104 002736 002594 000333 000858 002252 000538 002304 600637 600519 
000333 600340 002027 300059 600061 002673 600637 600276 001979 600030 600606 002252 600104 600000 600036 002024 600048 002736 000166 600585 000776 600016 000001 000069 600111 002415 600015 600023 000725 600050 600019 600010 600028 600115 600018 600518 000538 000895 000858 002594 002304 600519 
002304 600519 600637 002594 000538 002027 002415 000333 600606 600518 600340 001979 600104 600276 300059 600048 002024 002736 002673 000069 000776 600115 600111 600018 600023 600015 600050 000858 600019 600036 000001 002252 000166 000725 600010 600028 600000 600016 600030 600585 600061 000895 
000725 600010 600018 600050 000858 600023 600019 600115 600028 600015 000069 600016 000895 000166 600048 000001 600111 002024 002252 600000 600518 600036 001979 002736 600606 000333 600104 600519 600030 600340 600276 000776 600637 600061 002673 600585 002027 002415 002304 000538 002594 300059 
600519 300059 002304 002252 002415 600637 002673 600061 600036 600048 001979 002024 600276 600606 600111 000001 600518 600115 600016 000725 600015 600010 000858 600019 000895 002594 000166 000776 600028 000069 600050 600000 600023 002736 600030 600340 600104 000538 000333 600018 600585 002027 000625 
600519 300059 002673 002304 002594 600061 000538 000625 002415 000333 002252 600606 002024 002736 000776 600018 000858 600030 000069 001979 000166 600518 600023 000895 000725 000001 600048 600340 600115 600010 600019 600015 600585 600016 600028 600050 600036 600000 600111 600104 600276 600637 002027 
600585 600018 600104 600028 600016 600000 600050 600010 600015 000001 000725 600019 600036 600115 000858 600023 000069 002252 600518 600111 000166 600048 600637 000333 600030 600061 000895 002736 600606 000776 600276 002024 600519 002304 600340 000625 001979 002594 000538 002415 002027 002673 300059 
002594 002673 300059 002027 600637 600276 600000 000895 600016 001979 600111 600030 600018 600115 600036 600585 002736 000776 000166 600019 600050 002415 000333 000069 600010 000725 600015 002252 600023 600048 600104 000001 000625 600061 600028 002024 600518 600340 600606 000538 000858 002304 600519 
002304 600519 300059 002594 002027 000895 000858 600061 002415 000333 600340 600637 600030 000776 600606 600518 002736 001979 002024 600585 600000 600111 002673 600104 600036 000166 000001 000538 000069 600048 600050 600018 600015 002252 600016 600115 600028 000725 600023 600010 600019 600276 000063 000625 
600519 002304 002027 000538 002673 000063 600061 000858 000625 002252 600030 600276 000776 600637 300059 001979 600518 002736 600111 600048 000895 600340 000069 000166 600000 600028 000333 600050 600023 600115 600010 002415 600018 600585 000725 000001 600606 600104 600016 600015 600036 600019 002024 002594 
600519 600276 000895 000858 600016 600115 000725 600018 600028 600000 600050 002024 600015 002252 600010 000069 600023 002594 000063 600048 600036 000001 000166 600104 600606 002304 600518 001979 600019 000538 002415 000333 600637 600111 600030 002736 000776 600585 600340 000625 300059 600061 002027 
002415 002252 600061 000063 600637 001979 600518 002736 002024 000625 600606 600048 000776 000166 600115 600111 600030 600023 000001 600000 000858 600050 600015 000069 600018 600104 000725 600340 600036 600010 600028 600016 000538 600019 000333 000895 002594 600585 002027 002304 600519 300059 
600519 600340 600019 000625 600104 000725 600050 600018 600015 600016 600115 002024 600518 600023 000069 600276 600000 000001 600028 002304 002027 600606 600048 600010 000858 600036 000166 000333 002252 000063 001979 000895 000538 600637 002736 600585 600030 600111 002594 000776 002415 300059 600061 
000625 002252 600111 600010 600028 600036 600016 600061 000725 000166 600018 002024 600015 600023 600340 600050 002736 000001 600019 000069 002415 600000 600276 600048 600637 002027 001979 600606 600115 600518 600030 002594 000063 000776 600104 600585 000538 000858 000333 000895 600519 300059 002304 
300059 002304 002594 002027 600061 600637 600585 000538 002252 000776 002736 600019 001979 600518 600030 600104 600606 000063 000166 600023 600018 600050 600010 000725 600028 000069 600115 600048 600340 000895 000333 600015 000001 600000 000858 600016 002024 600111 002415 000625 600276 600036 600519 
300059 600519 000538 002304 000858 600637 600061 600030 000776 002415 600340 600111 000333 001979 600606 000063 002736 600104 002024 600585 000166 600048 600028 000001 600015 000069 600518 600023 600018 002027 600000 600050 000725 600019 600016 600010 600115 002252 000895 600036 000625 600276 002594 
002027 600519 002304 600276 000858 002415 000625 002252 000895 002736 000063 300059 600050 600518 002024 600023 000725 600048 600015 000069 600028 600016 600585 600018 000166 000001 600010 600036 600104 001979 600340 600019 600030 600637 600000 000776 600606 000333 600115 600061 000538 600111 002594 
600519 002027 002594 300059 000538 600061 000333 600637 000625 002024 600340 002736 000776 001979 000063 002415 000858 000166 000001 000069 600030 000895 600023 600048 600050 600018 000725 600585 600518 600028 600019 600104 600015 600010 600000 600276 600016 002304 600036 600115 600606 600111 002252 
002673 600276 002252 300059 600637 600061 600340 600518 600585 600030 600606 000538 600104 001979 000625 002024 002736 000333 000776 600048 600018 000166 600015 600023 600050 000725 600016 000001 000069 000063 600019 000895 000858 600028 600010 600000 002415 600111 600036 002027 002304 002594 600519 
600585 600606 600111 600115 002594 600019 600010 600050 600028 600015 600018 000725 600023 000166 000001 002252 002024 000069 000063 002736 600518 600016 600276 600048 600000 600030 000538 600340 600036 000625 001979 000776 002673 600637 600104 600061 000858 300059 002415 002027 000895 000333 002304 600519 
600519 002594 002673 002027 000538 600061 600000 600606 600276 000776 600637 600030 600518 600340 001979 600585 600111 600115 600048 000069 002252 000166 600015 600050 000001 600018 600010 600023 600028 600036 000725 600016 002415 000625 002736 600019 000063 600104 002024 000858 000333 002304 000895 
600519 000895 002415 002304 600019 600111 000725 002024 600036 600010 600018 600050 600016 000069 600028 000625 600023 600000 600015 600115 600104 000063 600048 000001 001979 000166 600637 600030 600585 002252 002736 000858 000776 600606 000333 600061 000538 600518 002027 002673 600276 002594 600340 
002673 600637 000333 600111 600061 600030 002415 000776 600104 002024 600585 000063 002736 000625 600019 001979 600016 600606 600000 600010 600518 600115 000069 002027 600018 600036 000001 002252 000895 000538 000725 600023 600276 600050 600048 600028 600015 000166 002594 002304 000858 600340 600519 
002304 600276 600637 002594 000895 002415 600606 000333 000858 600340 002736 600019 600048 600030 600111 000625 001979 000776 000069 600104 600018 600010 600016 600050 000725 600023 600518 600036 600028 000063 000166 600585 600000 600115 002252 002024 600061 000001 600015 002673 002027 000538 600519 
002673 600061 600036 600637 600015 000001 600276 600030 600016 600000 600518 600115 600028 600048 002736 000166 000776 600050 600340 600018 000725 600019 600010 600023 001979 600606 000069 002024 002252 002415 000895 600104 600111 000063 600585 000538 000625 002304 000858 000333 002027 002594 600519 
600036 600028 000625 000725 600010 600585 600019 600016 600050 600340 600015 600023 000001 002252 600018 600115 000069 600048 000166 600104 002024 600000 002027 001979 600606 000063 600030 002736 600111 600518 000776 002594 600637 600061 002415 000895 002673 300059 600276 000538 000333 000858 002304 600519 
600519 002304 000333 002594 002027 600585 300059 000895 000858 600340 600111 000625 002673 000063 002736 600030 600606 002024 600104 000776 000166 001979 600061 600036 600019 600000 600010 600028 600023 600016 600050 600018 000069 600276 000725 600518 600048 000001 600015 000538 600637 002252 002415 600115 
000625 000538 600104 000858 600276 002594 600019 600015 600036 600028 000166 600016 000725 600000 002024 600050 600023 000001 000069 600518 600010 600030 000776 600018 000333 002736 002252 600585 600061 600637 600048 001979 000063 000895 600606 300059 002673 002304 600111 002027 600115 002415 600340 600519 
600519 002304 002594 002027 002673 000538 300059 600061 002415 000858 000895 600340 000333 600030 600276 000063 002736 000776 000625 600585 600111 600606 002024 600518 600104 600000 001979 002252 600036 000166 600637 000001 600015 000069 600048 600023 600019 600018 600050 600016 600010 600028 600115 000725 
002594 002027 600519 002673 600111 300059 600637 000538 600585 002736 600606 600061 600276 000776 600518 600340 002415 600030 001979 000063 002024 000625 600019 600000 000166 600048 000001 600010 600023 600018 000069 600050 600015 600028 600104 000725 000858 600016 600115 600036 000333 002252 000895 002304 
000538 002304 600340 002594 600036 600637 600111 600585 600115 002736 000001 600276 600030 001979 600061 600000 600023 600048 000725 000166 000069 600050 600028 600010 600015 600016 600019 002024 002252 000776 300059 000063 600518 600018 600606 002673 600104 000625 002415 000895 000858 000333 600519 002027 
002027 300059 002594 002673 600340 600606 002736 002024 000776 600637 000166 600030 600000 000063 002252 600010 600028 000725 600023 600050 600019 000069 600048 600016 600015 600018 600111 600061 600104 000001 600036 000625 600585 600518 001979 002415 600115 000858 000895 000333 600276 002304 000538 600519 
600519 600637 600276 002027 001979 000858 000895 002024 002252 000333 600015 600000 000069 600028 000725 600050 600016 600115 600104 000001 600518 300059 600340 600030 600019 600048 600010 600018 600606 600023 000063 000625 000166 600061 600585 000776 002736 600036 002673 600111 000538 002415 002304 002594 
600519 002304 000333 002594 002673 002415 600585 600104 300059 600111 000858 600061 600115 600030 600000 000625 000538 600518 002027 600606 600637 000063 000776 600276 002736 001979 600016 600018 600023 600010 600015 600340 000069 000001 000725 600050 600019 600048 000166 600028 002024 000895 600036 002252 
600340 600036 000858 600019 000895 000625 600585 600016 600015 000001 000725 000166 002252 000069 600050 600028 600023 001979 000063 600115 600010 600000 600048 600104 600606 600637 002736 000776 600018 600030 600518 600061 600276 002027 002024 000333 002304 002673 600111 300059 600519 000538 002415 002594 
600519 002304 000538 000858 000333 600340 600518 600115 002594 002415 600637 002252 000625 000063 600016 600048 001979 600606 000001 600015 600000 000069 000166 600050 600036 000725 600018 600023 600030 000776 600104 002736 002024 600010 600585 600019 002027 600061 600028 000895 002673 600111 600276 300059 
600519 002594 002027 300059 000895 002415 600111 600606 600276 600637 000625 000858 600518 000063 002252 600019 600048 600115 000776 600010 002736 600104 600061 600023 600028 600050 002024 000725 600018 600585 000001 000166 600030 600016 600015 002304 000069 002673 001979 600340 600000 600036 000538 600663 
000538 600485 002304 600276 600663 000895 600000 002415 000858 002673 000063 600518 600016 600606 600340 600048 600015 001979 000776 000069 600585 000625 600030 002252 000001 002736 000166 600028 600023 600036 600050 600104 600115 002594 002024 000725 600018 600019 600010 002027 600061 300059 600637 600111 600519 
600485 600276 600111 600010 600018 000725 600104 600016 600050 600115 000069 600019 002024 600028 600023 002252 600518 001979 000063 002415 000001 600015 000895 000166 000625 600036 000538 600048 600637 600606 600000 000776 002027 600585 002736 600030 600340 002673 000858 600663 002594 600061 300059 002304 600519 
600276 000538 600036 600663 002673 600061 600016 600104 600010 002252 000001 000166 600048 600637 600028 000776 600019 000725 300059 600015 600518 000625 600111 002736 000069 002024 600585 600023 600050 600030 600606 600018 000063 001979 600000 002415 600115 002304 002027 002594 000895 000858 600485 600340 600519 
600519 002304 600663 600485 600637 000858 002027 002673 300059 600061 000895 600111 002736 600030 002594 600036 600016 001979 000063 000776 002024 600340 002252 000166 000001 600019 000069 600015 600115 600010 600050 600018 600023 000725 600028 600276 000625 600000 600104 600585 000538 600606 002415 600518 
600276 000858 600111 000538 600340 000895 002304 600115 600663 600606 600485 002415 002027 000625 002594 600048 600519 600061 001979 300059 600018 600637 600023 600010 000725 000166 000069 600050 600518 600019 600104 000001 002673 600030 600028 600015 002736 002252 000776 000063 600000 002024 600016 600036 600585 
600663 002594 600637 002304 600115 002252 600585 002415 600485 600276 600048 000538 000625 001979 000858 600104 000069 000895 002736 600018 000001 000063 002024 600019 600518 600015 600606 600023 000166 600050 000725 600030 600000 600016 600028 000776 600010 002673 600036 002027 600061 300059 600340 600111 600519 
002594 600340 300059 600276 600519 002027 002673 600606 600111 600061 002415 002252 600030 002024 000625 000166 600036 600010 000858 600050 600023 600028 600015 600485 600018 001979 600104 600016 600048 000063 000776 000069 600637 600019 600000 600585 000538 600115 000001 000725 600518 000895 002736 002304 600663 
600663 600340 000538 002027 600606 300059 600115 002304 600637 000625 600485 000858 002024 000725 600048 000069 600019 002736 600023 002415 000063 600010 600518 600028 600585 000001 000776 002673 600050 600061 600015 001979 600018 600016 000166 002252 002594 600276 600030 600104 600036 600000 000895 600111 600519 
000725 600028 600050 600019 600018 600016 600023 600036 600010 600115 600015 000069 000001 600048 600000 600104 600585 002252 001979 600606 000625 000063 000895 000166 600518 002024 002415 600340 600276 002736 600637 000776 600030 600485 000858 600111 000538 600663 600061 002027 002304 002594 300059 002673 600519 
600519 002736 000776 600061 000538 600276 600030 600585 600036 000166 600111 600016 000625 000858 600000 002252 000895 001979 600340 600104 000001 600010 002594 000063 600048 000069 600606 600018 600019 600050 600115 600015 600023 000725 600028 300059 002415 600485 002673 002027 600663 002024 600518 000333 002304 
000333 002415 600000 600276 002304 600036 002024 002252 600585 000625 000001 600015 600018 600016 600050 600019 600028 600104 600023 600010 000069 600048 600030 000166 000725 600340 000063 600061 000776 001979 600518 000895 002736 600606 600111 600115 002594 600485 000538 002027 300059 000858 002673 600663 600519 
300104 600485 600111 600061 600340 600518 600115 002252 600663 000725 002673 600585 600028 600010 600000 600019 600015 600050 600018 600030 000166 600016 000069 600606 600023 000001 600036 600048 002736 001979 002594 000776 000625 000063 600104 002415 000895 600637 000333 002024 300059 000858 600276 002027 000538 002304 600519 
600519 300104 002027 000538 600518 002673 000858 002415 002736 600104 600485 600030 000776 600036 002252 600111 600276 000166 600061 600585 600018 600015 600010 000069 600048 600028 000725 000625 600050 300059 000001 600000 600019 600023 600016 000063 002594 600115 000895 600663 002024 600637 600340 600606 002304 001979 000333 002739 
002739 000333 002024 300059 000625 000063 300104 001979 600111 600637 600606 600340 600276 600104 002027 002415 600019 600050 600115 600016 002252 600023 000725 000069 000166 600015 600018 600000 600028 600048 000001 600518 600030 600010 600585 002736 600485 000776 600061 000895 600036 000858 002673 600663 000538 002304 002594 600519 
600519 002739 002304 002594 600111 000858 300104 000333 000895 300059 600637 002024 001979 000538 002415 600030 002252 000776 600115 002673 600010 600000 600518 600585 600048 600036 600050 600023 000001 600018 600019 000625 600015 600104 000725 000069 600061 000166 600016 000063 600606 600028 600276 002736 600340 600485 002027 600663 
600519 002739 300104 002594 000538 002027 300059 002673 002304 600637 600485 600340 600061 600030 000776 000858 000063 600276 001979 600585 600111 002415 002024 600036 000333 000895 000166 600606 600048 600104 000625 002736 000069 600000 000001 600115 600015 600028 600018 600019 600010 002252 600050 600023 000725 600016 600518 600663 
002739 300104 600663 002027 002594 600637 600606 600585 600276 000625 600518 600485 600048 600340 000725 600028 600019 600010 600000 000069 000063 600050 600018 000166 600015 600023 000776 002024 600036 001979 000001 300059 600016 600030 600115 002252 600104 000895 002673 600111 000538 000333 002415 000858 600061 002736 002304 600519 
600000 600015 600036 600050 600028 600016 600019 002252 000001 000725 600010 600023 600018 600048 000069 000166 600518 600606 001979 600585 600104 600061 600115 000333 000895 002024 002736 600030 000776 000063 600276 000625 002415 002027 600637 600111 600485 000538 002673 600340 300059 600663 000858 002739 002304 002594 300104 600519 
600519 002739 600663 300104 000538 600340 300059 600637 000333 000895 002673 002736 000776 002027 600061 600030 002415 600104 600111 600606 002024 000858 000063 002252 000625 600585 600115 000166 600518 600018 600019 600048 000069 600015 600028 600010 600050 600016 000725 002304 000001 600485 600036 600000 001979 600023 002594 600276 
600663 002594 600000 600015 600050 000625 600018 600518 600028 000001 000725 600019 002024 600023 600030 600010 600606 600104 000069 000166 600016 000333 600036 600637 600111 600115 002252 600340 600048 002027 000776 600585 300059 002673 002736 002415 001979 002739 000538 600061 600276 000063 000895 600485 300104 000858 002304 600519 
600519 002304 002739 000858 600663 600485 600111 600340 600276 002673 300059 000895 002252 000625 000063 600115 600016 600030 600018 002024 600023 600010 600028 600518 600019 600050 600036 000001 000166 000725 600015 600606 000069 600000 600104 600061 600585 000776 002415 600048 600637 000538 001979 002594 002027 002736 000333 300104 
300104 600519 002304 600485 000538 002027 000858 000895 600637 001979 000333 002594 600061 600518 002415 000063 600606 002024 600115 600000 600048 600111 600663 000069 600010 600019 000725 600050 600018 600028 600104 000001 600015 600023 002739 600036 600276 600016 000625 600340 000166 600585 000776 300059 600030 002673 002736 002252 
002252 600036 600115 600016 000895 600050 600023 600010 600518 600585 000725 600015 600019 600028 600018 002024 000069 000166 600606 600663 600104 600048 600000 000001 002304 001979 600637 002415 000625 000063 600111 002739 000858 600030 600340 000333 600061 600485 000776 600276 002673 300104 300059 002736 002027 000538 002594 600519 
600519 002739 002304 002594 600111 000538 000333 002736 600061 600036 000895 600340 300059 600485 002673 002252 002024 600104 600637 002415 600048 600023 001979 600115 600606 300104 600030 000776 600000 000001 600585 600015 000166 600018 600028 000069 600518 600019 000725 600010 000858 600050 600016 600663 000625 600276 002027 000063 
600519 002739 002594 002304 600663 000858 300104 000538 600637 600276 002736 600000 000895 600340 600485 300059 600111 000063 600518 600061 600030 001979 000625 000776 600585 600606 600104 002673 002415 002024 000166 600115 600015 600023 600016 000001 600019 000069 600028 600018 600010 600050 600036 000725 600048 000333 002252 002027 
002252 000725 600000 600050 600036 600028 600023 600016 000001 600018 600015 600010 000069 600115 000166 600585 600104 600048 600518 002024 000625 600606 600340 001979 002415 600111 600030 600663 600637 600061 000895 600485 000776 002736 000063 300059 002594 002673 000333 300104 002027 600276 000858 002739 000538 002304 600519 
002304 000895 000333 600104 000625 600663 600115 600048 600016 600000 600015 600585 600010 000069 600050 600028 600023 600036 600340 000001 002415 000725 000858 002024 600111 600018 000166 600518 600606 600276 001979 000063 600030 300059 000776 002736 600485 600637 600061 600519 002594 002252 000538 300104 002673 002739 002027 
002027 002304 002252 000895 600276 002673 300104 600061 300059 000063 000858 001979 000776 000538 002736 600030 600519 600340 600115 600048 000725 600050 000625 000333 000166 600023 000069 600018 600663 002024 600010 600015 600028 000001 002739 600518 600104 600637 002594 600606 002415 600036 600111 600485 600585 600000 600016 
002027 002304 600606 600111 002736 600016 600276 001979 600663 600115 600485 600015 600010 600023 600018 000069 000725 600050 000001 000063 600028 600036 002024 600000 600518 600061 600030 000776 002673 600048 002415 600340 600104 000538 000166 000625 002252 600585 000895 300059 600637 000858 000333 002594 600519 300104 002739 
002739 300104 000538 002304 002673 300059 600606 600637 600061 000776 000858 000063 600663 002024 002736 600585 002027 600030 600048 600115 600023 000625 600028 000166 600010 600111 600518 000725 600016 600018 600050 000001 600015 000069 001979 600104 600485 600036 600340 600276 000895 002252 600000 000333 002594 600519 002415 
000002 002739 300104 600000 600606 000725 600010 600050 002594 600518 600028 600115 600036 600018 600016 600023 000001 000858 002027 600015 002252 002024 000895 000069 600663 000063 002736 000166 001979 600048 600637 000333 600340 600111 002673 000625 600030 600485 600585 000776 600276 600061 000538 002304 600104 300059 002415 600519 
000002 002594 000333 002415 002252 600276 002027 002739 002673 000895 600036 600000 002736 300059 600518 600606 600016 600485 600061 000063 600637 600030 600015 600104 000725 600018 000001 600010 000625 000776 000069 600023 600028 600585 600050 600340 001979 600663 600111 002024 000166 600048 300104 600115 000538 000858 002304 600519 
002739 002736 300059 600000 600036 600485 600061 002673 002024 600115 001979 000166 600016 000069 600585 600030 000776 600028 600023 000001 000063 002252 600048 600050 600010 000725 000625 600104 600015 000002 600018 002594 600606 600637 600111 600518 600663 600276 000333 600340 002027 000895 002415 000538 000858 002304 600519 
002304 000002 000858 600663 600519 002415 300059 600485 600637 002027 600606 000063 600061 600585 002024 600000 002673 600015 000001 600115 600018 000625 000776 000069 000166 600023 600028 002736 000725 600050 600016 600010 600030 000333 600104 001979 600036 600276 600111 000895 600340 002252 002739 000538 600518 002594 
600519 002739 000538 002252 600276 600340 600518 000333 600663 000625 002027 600585 600036 600000 000063 000002 600606 600115 000776 001979 600104 600028 600010 000001 600016 600023 600050 600637 600485 300059 600015 002024 600030 000166 000725 600018 600111 000069 002415 000895 002736 600061 002594 002304 002673 000858 
002739 002594 600340 002415 000002 002252 600061 600606 002736 002673 300059 600637 600663 000069 600030 600115 000776 600000 002024 000166 600050 600023 600018 000001 002027 600015 001979 600028 000725 000063 600010 600016 000625 600036 600585 600518 600104 600485 000895 000333 600111 600276 000858 002304 000538 600519 
002594 000002 600606 000725 600010 600028 600018 600023 600015 000166 002736 600111 002024 000001 600016 600485 600050 002252 000069 600000 600663 002304 600036 000776 600637 600030 002027 001979 000063 600340 002415 600061 300059 600115 002739 000858 600518 600585 600276 000895 002673 000625 600104 000538 000333 600519 
600519 002304 000858 600104 002673 600111 600115 000895 000538 600276 000625 002594 600061 600518 000333 002736 002252 600010 000725 600340 600030 000166 300059 000776 600585 001979 600016 600028 600036 600023 002415 600018 000001 002024 000069 600015 000063 600000 600485 600606 600663 000002 002027 600050 600637 002739 
300104 002304 000538 000002 002739 000333 000858 600111 002736 600276 300059 000895 002027 600104 000625 600663 600606 000063 600519 600000 600050 600585 600115 002024 600015 000001 002673 600018 000776 600010 000166 000725 600637 600028 600023 600030 600518 600036 600061 600340 002252 001979 600048 000069 600016 002415 002594 600485 
300059 002739 600485 000895 002027 002673 600585 000776 600606 600030 600637 600518 600061 000538 002736 002024 000069 000002 600016 002252 000166 600050 000725 600028 600023 600018 600000 000858 000063 600010 600115 600015 600036 600111 000001 600048 000625 002304 001979 600104 600276 600519 600663 300104 600340 002415 000333 002594 
300104 600519 002304 000538 002673 000002 000776 002736 002415 600663 600518 002594 300059 600030 600340 600485 600061 002252 000333 000895 000858 002739 000069 600637 000166 600606 600115 600010 000725 600028 600023 600018 600111 600585 600050 001979 000001 600000 600048 600015 002024 600036 002027 600276 600016 000625 000063 600104 
600519 002304 000858 000333 600276 000895 002415 600104 000002 600340 000625 600048 001979 600585 002739 600663 600111 600115 600036 600637 600518 000063 600015 000069 000001 600050 600000 600016 600028 000725 600010 600018 002252 002024 600023 000776 000166 600061 600030 600606 002027 002594 300059 600485 002736 002673 300104 
002739 002594 002673 600340 600485 000858 600016 002304 300059 001979 000333 002736 600048 002252 000776 600023 600606 600036 000625 600030 600015 600050 600518 000002 002024 600663 600010 600028 000001 600115 000166 000725 600018 600000 000069 000895 600111 600585 002415 600061 600104 600276 000063 002027 600519 600637 300104 
300104 002594 002739 600637 002027 600276 600485 600111 000002 000063 600606 002024 600023 600010 600115 000069 600050 600028 000725 600016 000166 600015 000001 600048 600018 600340 002252 600061 300059 600518 600000 001979 002673 002736 000776 600030 600036 000625 600104 000858 600585 600663 000895 002304 002415 000333 600519 
600519 002304 000333 000858 002739 600276 600104 600340 002594 300104 300059 000895 002415 002027 000625 001979 000063 600637 600061 002736 600518 600000 600036 600048 600663 002024 000776 600115 600016 000069 000166 600030 600585 000001 600028 600023 600018 000725 600010 600050 600015 002673 600485 600606 600111 002252 000002 
002739 002594 300104 000333 002673 000895 600340 002027 000625 600104 600111 002252 002415 600061 600485 600606 600030 000776 600050 600016 600663 600115 000069 002024 000725 600010 000166 600023 600028 600018 600036 000001 001979 600000 002736 600015 600518 300059 600048 000002 600637 002304 600585 000063 000858 600276 600519 
600606 000063 000725 600010 600028 600023 600016 002252 600000 600036 600015 600637 600276 600048 600018 600663 000166 000002 000069 000001 600111 600050 600115 002024 600061 600585 600518 000776 002027 300104 002736 600030 300059 600340 600485 001979 002673 000625 002739 000895 002594 002415 000333 000858 600104 002304 600519 
600519 002739 002304 002594 002673 600485 002027 300059 600111 300104 600637 600606 000063 600061 000333 002736 600340 000858 000776 002024 000002 000895 001979 000069 000166 600030 002252 002415 000625 600585 600010 000001 600115 600663 600023 600048 600015 600518 000725 600028 600016 600050 600000 600036 600276 600104 600018 
300104 002673 600061 002027 600663 600485 600637 600030 002736 600036 600000 000776 600606 600018 600016 300059 600015 600585 000166 600028 000725 600010 600023 002024 600048 600050 000001 001979 000069 600115 600111 600518 002739 600340 000063 002252 002594 600104 000002 002304 600276 000858 000333 002415 000625 000895 600519 
600519 002739 300104 600585 002594 600485 002252 600663 002415 000063 600104 600637 600061 600111 300059 600606 600018 600050 600276 600048 600030 002024 000002 600115 000069 600028 600023 600010 000166 000725 001979 002673 600000 600036 600016 000776 600015 000625 002736 000001 600340 002304 000858 000333 000895 002027 
600519 002304 000858 300104 002415 300059 002739 600276 001979 600663 002594 000333 600111 000063 600340 600637 600606 002027 002673 600485 000895 600061 600048 600115 002024 000625 000776 600050 600104 600030 000166 600010 000725 600018 000069 600028 600036 600023 000002 600016 600015 000001 600000 002736 002252 600585 
002739 600519 600518 000895 000858 000333 002415 002736 600585 002252 600000 600015 600036 000001 600016 600028 600023 000725 600010 600115 600104 600050 600030 600111 002594 000776 000166 002024 300059 000625 000063 600485 600606 000069 002673 001979 600018 600048 600340 600663 600061 002304 600637 002027 000002 300104 600276 
002673 300059 600104 002304 002594 600000 600036 002736 000625 000001 600030 600015 600518 600016 600061 600018 600111 002027 000166 000776 600023 600028 300104 600010 002024 000063 600485 000725 600276 600050 600606 000895 000069 600048 002739 600663 600637 600115 002252 000002 600585 000858 001979 000333 600340 600519 002415 
600519 000333 600276 000001 000895 002252 600518 600115 600637 600000 600018 600663 600104 600585 002027 000858 000725 600036 600016 000625 002415 600010 000166 600050 600028 600023 002304 600015 000063 000069 002024 000776 600030 002739 002673 600061 001979 600111 002736 600485 600048 600340 002594 600606 300059 300104 000002 
002739 000858 600519 002594 300104 002415 000625 600485 002027 600663 300059 002252 600340 600111 600606 600061 002736 600115 600637 000895 600050 000069 002673 600518 600023 000725 600010 600018 600104 600028 000166 002304 600030 600036 000001 000063 001979 600585 600015 600048 600000 600016 000333 600276 000776 002024 000002 
300104 000333 600276 600016 600018 600015 600115 600050 600000 600028 600023 600518 600010 600036 000166 000725 000858 000069 600048 000001 000625 002252 002027 600030 000776 002673 002594 600340 600485 600606 600111 002415 000895 600061 600637 001979 600663 002736 000063 002024 600104 600585 300059 000002 002304 002739 600519 
600340 600104 000625 000895 600606 600585 001979 000063 002024 000069 002739 600018 600115 600050 600048 600016 600010 000725 600015 300059 000166 002736 600023 600036 000001 600663 600000 600028 002252 600030 600518 000002 000776 000333 600061 600485 600637 600111 002415 002594 002027 300104 002673 002304 000858 600276 600519 
600519 002739 000002 000333 300104 600104 002415 000858 600340 000895 001979 002594 000625 600276 600048 002304 600061 600518 300059 600485 002673 002024 600606 600637 000063 002736 002027 000069 600030 600018 600115 600015 000166 600023 000001 600663 000776 600028 600016 002252 000725 600585 600010 600050 600000 600111 600036 
002739 000002 600663 600111 600485 002027 002594 002024 600606 600637 600518 002252 600276 002415 300059 000625 600048 001979 000063 600115 600018 000069 600050 600104 600023 600585 600010 600340 600028 000725 600061 000166 000333 300104 002736 600016 000001 002673 000776 600036 600030 600015 600000 000895 002304 000858 600519 
000333 300104 600010 000725 600115 600018 600028 600050 600023 600111 000166 300059 600585 000858 002027 000895 600016 600276 600485 600519 600637 002739 000063 002252 002304 600061 600518 000001 600000 002024 000776 000625 002673 600015 000069 002415 600663 600036 600030 600104 002594 600048 002736 600606 001979 600340 000002 
002252 600010 000725 600018 600028 002024 600050 000895 600115 600023 000001 600518 600016 600111 000069 000166 600015 002027 000063 600585 000625 600036 002415 600485 600048 600276 600000 600104 600061 002594 001979 002736 600637 600030 000776 000333 000858 600340 600606 002304 002739 600519 300104 300059 002673 600663 000002 
600519 002304 600340 002673 600104 600585 000858 600048 600030 001979 300059 600016 600000 600015 600518 000069 600061 000001 002594 002415 002024 000625 002252 600036 600637 600018 000776 000063 002739 600276 600115 000725 000166 600010 600023 600028 600050 300104 002027 600485 600111 600606 002736 000333 000895 600663 000002 
000002 600519 600663 600606 600276 001979 300059 002673 600518 600340 600048 600485 600061 000063 002736 600111 000069 002304 600030 600000 600115 600050 002027 600015 000725 600018 600028 000625 600016 000166 600637 000001 600010 000776 000895 600023 000333 600104 600036 002252 002024 600585 000858 300104 002415 002594 002739 
600519 002739 300104 002594 000858 600276 002415 000333 600104 600585 000002 002027 600000 002024 600036 000895 002673 600061 600030 000776 600015 002736 000166 000063 600016 000001 002304 600111 600010 600028 600115 002252 000725 600023 000625 600518 300059 600018 600050 600637 600663 600485 600340 000069 600048 001979 600606 
000002 002304 000858 600606 001979 600340 002415 000625 000333 600637 002594 600048 300059 000069 000895 002252 002736 002024 000776 300104 002673 000063 600018 600115 600276 600485 600023 600030 600016 600000 600050 600585 600028 000725 600518 000001 600010 600015 000166 600519 600061 600111 002027 600104 600036 600663 002739 
300104 002594 002739 002673 300059 000333 600061 600111 600485 002415 002027 002736 001979 000776 000625 000063 600030 002304 000001 600050 002252 600018 600104 000166 600010 600016 600637 600015 600115 600028 600023 600606 600048 600585 600000 002024 000725 000069 600340 600518 600036 000002 600276 000858 000895 600663 600519 
002739 000858 600519 600276 600663 600606 600048 600340 000895 002027 002024 000625 600061 000069 600050 600518 600485 600036 600023 600015 600000 000001 000002 000063 600115 600111 600018 600028 300059 600010 600016 000725 000166 600030 600104 002736 600637 000776 002673 000333 001979 002594 600585 002415 002304 300104 002252 
600519 600663 000002 002304 002252 000776 000333 000858 000895 600340 600606 002673 600637 600015 600276 600030 000069 600048 300104 600050 600036 600016 600115 000625 600111 002024 000166 001979 600000 600023 000063 600010 300059 600028 600061 002027 000001 600018 000725 600518 002736 600104 002594 600585 002415 600485 002739 
600519 002739 002594 600663 002252 600104 600637 002304 300104 000002 300059 000625 600340 002027 000858 001979 600111 600048 600585 000069 600606 002736 002024 600036 600050 600018 600000 002415 600023 000725 600115 600028 000166 000063 000776 000001 600061 600010 600015 600016 600276 600518 000895 600030 002673 000333 600485 
600519 000002 600104 002304 000333 600663 000858 002739 002415 000625 002673 002736 600030 600061 000895 000776 300104 600606 000166 600048 600015 600115 600016 600028 600023 600018 600000 000063 600010 000001 300059 000069 600050 002024 000725 600276 600036 001979 600637 002027 002252 600111 002594 600340 600518 600585 600485 
002304 000895 600485 600036 600104 002415 600585 000333 600000 600637 600050 002736 600016 002594 000858 300104 600061 000063 600018 000001 000166 600030 600115 600606 600015 000725 600028 600010 600023 000002 002027 600111 002024 600048 000069 000625 300059 000776 002673 600276 002739 001979 600518 600663 600340 002252 600519 
600519 600276 002415 002739 600663 000002 000333 600115 001979 600606 600111 600518 000069 600585 600061 600340 002024 000776 000725 000063 600023 000166 600050 600010 600018 600048 600015 300104 600028 000001 000895 300059 002673 002304 600637 600016 002027 600030 600485 002736 600104 600036 600000 002594 000858 000625 002252 
002739 600104 600485 000625 600518 600115 000895 600016 000725 600010 600023 600028 600050 000063 600018 002027 000001 000776 600585 000166 002024 000069 600030 600015 600061 600000 002594 600111 600276 002415 002673 300059 001979 000858 600036 002736 600340 600048 600606 002304 300104 002252 000333 600663 600637 000002 600519 
000002 600519 600663 300104 002739 000858 600606 001979 002736 600340 600048 002304 002673 300059 600485 600518 600030 000776 600104 600111 600585 600061 000069 002415 002027 000166 002594 600000 002024 002252 600050 000001 000725 600015 600010 600023 600016 600028 600036 600018 600115 000625 000333 000895 000063 600276 600637 
600519 002304 002415 002594 002252 000858 000333 000895 001979 000063 300104 002673 600111 000069 600015 600050 300059 600606 600010 000001 002027 000776 000725 600028 600016 600663 000166 600061 600018 600036 002736 600023 600000 600637 002024 000625 600115 600048 600030 600518 600340 600585 600104 002739 000002 600276 000651 
002252 600276 000002 300104 600637 600104 002304 600061 600663 600518 600048 600115 600485 002027 000001 600015 002673 001979 002024 300059 600018 600050 600606 600000 600030 000725 600023 600028 000069 600010 000166 000776 000063 000895 600016 000625 600340 002594 600036 002736 600585 600111 000858 002739 000333 002415 000651 600519 
600036 600663 002304 000002 000333 600000 600016 600115 600015 600018 000001 002736 600023 000725 600028 600061 000069 600010 002024 600518 000166 600030 600048 600276 600606 600050 000625 600104 000895 002673 001979 002027 600111 600585 000776 000063 002252 000858 002739 600340 300059 600485 300104 002415 600637 600519 000651 002594 
600519 002304 002252 600637 002594 000858 600276 002739 300104 000895 002673 300059 600061 000651 002027 002736 000333 001979 002415 000002 600030 600606 000776 000069 600018 600050 000001 600010 600023 600028 000166 600115 000725 600016 600518 600015 600111 000625 600340 600036 600048 600000 000063 600104 600485 600663 002024 600585 
600519 300104 000651 000858 002673 002415 600276 002739 002304 000776 600518 600111 600485 600061 600030 002594 600606 002027 600585 002024 000166 600048 600036 000333 600023 000725 600016 600028 600104 600050 000001 600015 000069 000625 600010 300059 600115 000895 001979 002736 600018 000063 600000 600340 002252 000002 600663 600637 
600519 002252 002739 002415 600340 000002 600104 600585 300059 600276 002304 002673 000063 600111 001979 000651 600061 600036 000333 000858 002736 002024 600048 600518 000895 000625 600115 002027 600015 000069 000166 600000 600023 600010 600050 000725 600016 000001 600028 600030 600606 600018 600485 300104 000776 002594 600637 600663 
600519 002304 002739 002594 000858 002673 600637 000333 002252 002736 300059 600111 002415 002027 600485 600036 000895 002024 000776 000063 600061 000625 300104 600606 600585 600030 001979 600015 000001 000166 000069 000651 600000 600010 600115 600050 600104 000725 600028 600340 600016 600023 600048 600518 600018 000002 600663 600276 
002594 300104 600637 600663 600276 600104 000776 600585 600030 600340 600018 000651 002673 001979 002736 600061 000895 002252 600115 600050 600028 600023 600015 000625 600518 600010 000166 000725 600016 600036 000069 600606 000001 600111 002027 000333 600000 002024 300059 000002 000063 600048 002415 600485 000858 002304 002739 600519 
002594 000333 600276 600519 000651 600663 600637 600485 600036 000858 600585 600104 000776 002736 002673 002739 600030 600061 000001 600015 000063 600018 600028 600340 600023 600000 600050 600010 600606 000166 002024 300059 600016 600115 000069 000002 000725 000625 002027 600111 600518 001979 002304 600048 000895 002252 002415 300104 
002304 600048 002252 002027 600018 600115 600028 600518 600050 000725 000166 600016 600010 600606 600023 600030 002739 000069 000002 000001 600000 000776 600015 002736 002024 600663 300059 002673 002415 600111 001979 600585 000625 000063 600637 600485 600104 600036 000895 000858 600276 600519 600340 000333 000651 002594 300104 
600519 300104 002739 002304 002594 600663 002415 600637 600585 600485 001979 000776 002252 000333 000651 600036 000625 600115 300059 600111 000001 600050 002027 600030 600048 000166 000002 000858 002024 600028 600015 600018 600016 600010 000069 600023 600000 002736 000725 600518 000063 600606 600104 002673 600276 000895 600340 
600519 600340 002252 000895 600637 600585 600663 600104 600518 002415 000625 000651 600485 600018 600000 600115 000725 000001 300104 002027 600016 600050 600028 600111 000166 002024 600030 002739 300059 600010 600015 600023 000069 000063 002736 600606 600276 000333 600048 600036 000776 000858 002673 001979 002304 002594 000002 
300104 000651 002739 002673 300059 002027 600111 600023 600010 002736 600018 600050 600016 000725 000063 600115 000166 600028 600030 000776 600015 600000 000001 002024 600036 000069 600485 002415 600276 000625 000333 600518 600048 600663 000895 001979 600606 600585 002252 600637 600104 002594 600340 000858 002304 000002 600519 
000002 002739 600663 600485 000651 002252 600048 600606 300104 002673 000858 002415 000625 000776 600111 600030 002594 600585 002736 000063 600637 002027 600104 000069 600115 600518 600000 300059 600023 002304 000166 600015 000001 000725 600018 600010 002024 600028 001979 600036 600016 000895 600050 000333 600340 600519 600276 
600519 002739 002594 300104 002304 000858 600340 000002 600663 600637 600485 600276 002673 002415 001979 600104 002736 000895 002027 600111 600518 600048 002024 000333 600030 000063 000625 002252 300059 000776 000069 600018 600585 600115 000001 600015 000166 600023 600050 600028 600010 000725 600000 600036 600606 600016 000651 
600276 600115 000725 600016 600000 600018 600028 600023 600050 000001 600111 600010 000895 600518 600015 002594 000166 600585 600036 600637 000069 002415 300104 000333 002736 002024 000063 001979 600104 600048 000776 002027 600030 000858 300059 600340 600663 000625 600485 002252 002673 002739 000002 000651 600606 002304 600519 
600519 300104 002304 600606 600637 002415 000858 600036 600485 600340 600663 600048 600585 000651 002673 002736 000776 002594 600016 002027 600111 600030 000895 300059 600015 600518 001979 600028 600023 600018 000069 600010 000001 000166 000725 600000 000063 002024 000333 600115 600050 600276 002252 000625 600104 002739 000002 
002594 600637 000651 600606 002027 600050 600663 600115 600018 600023 000001 000725 000063 600000 002024 600048 600016 600015 600485 600111 000166 600010 300104 600585 002252 600028 300059 000625 600030 600518 600340 600036 600104 000069 600276 001979 002673 000002 000776 000333 002415 002736 000858 000895 002304 002739 600519 
600030 600606 600050 002024 000725 600015 600010 600000 600036 000001 000069 600028 600023 600018 300059 600016 300104 600048 002027 000166 002736 600637 600104 000063 000776 600340 000625 600115 600111 001979 600485 600518 600276 600663 000002 600585 000895 002415 002673 002252 000651 002594 002739 000333 002304 000858 600519 
002415 001979 600663 600340 600606 600048 002739 000002 000069 000651 000333 600115 600010 000001 000725 600023 600000 600016 600018 600028 002252 600015 000895 000166 600585 600111 600050 002736 002024 600030 600036 000063 000858 002673 000776 002027 000625 600485 300059 600637 600019 600518 600104 300104 600276 002594 002304 600519 
002739 600340 000625 300104 000858 600585 002252 300059 000895 600104 002304 002673 002736 001979 600016 000166 600048 600010 600018 600111 000651 600115 000069 000776 600028 600606 600000 600023 600036 000001 000063 002024 600485 600015 600637 000333 000725 002415 600030 002027 600663 000002 600019 600518 600050 600276 600061 002594 600519 
600519 002739 600585 002594 300104 002304 600104 600637 600019 600276 000333 600036 000895 600485 000063 300059 600663 600030 000625 000776 600050 600111 600000 600048 002024 600518 600115 600016 002673 000166 600028 000001 600023 600010 600018 600061 000725 000069 600606 600340 000858 600015 000651 002252 001979 002736 000002 002027 002415 
600519 000333 000858 002594 300104 002252 000651 600061 600000 600016 600585 600340 600036 000001 000063 600028 600606 600030 600019 002736 000069 600048 600663 600050 600115 600023 000776 002304 600010 600018 002024 000166 600015 600111 002673 600637 600518 000725 300059 000625 600485 002415 600104 000002 002739 002027 000895 001979 600276 
002739 002027 600663 600276 300059 002673 002736 300104 000651 600637 600061 600485 000625 600606 600518 600111 002594 600019 600585 002024 600018 600010 600023 000776 002252 002304 000725 600015 600036 000069 600048 000001 002415 000895 000166 600000 000002 600104 600028 600016 000063 000333 600030 000858 600340 600115 001979 600050 600519 
600519 000002 600637 002739 002594 002415 002673 600663 600485 002027 300104 300059 002736 000063 000776 600036 600030 600061 000895 000651 600104 600000 000625 600585 600115 600050 600606 000333 600048 000166 002024 000069 002252 000725 600111 600023 600018 000001 600019 001979 600015 600028 600010 600016 600518 002304 000858 600340 600276 
600276 000002 600028 000725 600016 600010 000001 600050 600019 600018 600340 600048 600036 600015 600000 000069 002252 000333 002027 600023 600606 000166 600115 000651 000625 600585 000895 002024 002415 600663 600637 000063 600061 600111 600485 600518 600104 600030 300059 000776 002736 001979 002594 000858 002304 002673 300104 002739 600519 
600519 002739 002594 002027 002673 000333 002736 600637 000002 300059 600030 600485 000651 000858 000776 600000 600606 600061 000063 000166 600036 600015 600340 002304 600585 600048 600518 600019 000001 000725 600010 600018 600016 000895 600111 600023 600028 000069 000625 002024 300104 002415 002252 600115 600050 001979 600276 600104 
600519 600276 300104 600518 002594 002736 600340 000858 002304 002252 000895 000625 002673 000063 600061 300059 600111 600030 600019 600023 000166 600010 600018 000001 000725 600050 600016 600036 600028 600048 600000 600585 600015 600606 000651 002024 001979 000776 000002 000069 000333 600637 002027 600115 002415 600104 002739 600485 
600519 000002 002304 002027 002594 600485 600637 002739 600518 600115 002024 600340 600606 000858 600111 600048 300059 000725 002252 000069 600019 600016 600010 600000 600036 600028 000166 600023 600061 000895 600018 600276 600050 000001 600015 600585 002736 002415 000625 000063 000333 600030 000776 001979 600104 002673 300104 000651 
001979 600276 600104 002415 600340 600050 000002 600018 600115 000725 600010 000069 600028 002252 600019 600606 600023 600518 600016 600048 000166 600485 000001 000651 600015 000858 000895 600111 600000 002027 002304 002024 000625 600061 600637 000333 600030 300059 300104 600036 000063 002594 002736 600585 000776 002673 002739 600519 
002415 600276 600104 002673 000002 600036 000776 002252 600061 600115 600030 300059 000625 002594 600015 600050 600000 600028 002736 002739 600518 000001 000166 600018 600016 600023 600048 300104 000725 600606 600010 002024 000069 600637 600485 002027 000063 000895 001979 600019 600111 000333 600585 600340 000651 000858 002304 600519 
002739 300104 000651 002594 000625 600485 600111 600036 600585 000333 002673 001979 600061 600015 600000 000063 002736 600104 600016 600115 000001 000776 600030 002304 600518 600048 300059 600028 000166 600010 600023 600018 600019 000069 000725 002415 600637 600606 002024 600050 002252 000002 000895 600340 600276 002027 000858 600519 
000895 002739 000002 002304 000858 002252 000625 000651 300104 600637 600050 600036 600000 000776 600115 600061 002024 600030 600606 600018 600340 600048 600019 600023 000725 000166 000069 600111 600016 600028 600518 000001 600585 000333 002415 600010 002736 000063 600015 001979 002594 002027 600276 600104 002673 300059 600485 600519 
600340 600637 600276 000895 002594 300104 600111 001979 002024 600585 600606 002252 000069 002673 600485 600115 600050 600019 002736 000625 600010 000002 600023 000725 000651 600018 000001 002027 600518 600048 600028 600016 600015 600030 000166 000776 002415 000333 300059 600036 000063 600000 600061 600519 600104 002304 002739 000858 
600485 002027 002415 000858 300059 600030 002739 000063 002304 600061 600016 002673 002252 002594 600276 600637 002024 600036 600015 000069 600518 600048 000001 600000 000166 600010 300104 000725 600028 600606 600050 600023 600018 600019 600115 600111 000776 001979 000625 600585 000002 002736 600104 000333 000895 600340 600519 
600519 002252 600104 000895 600340 600485 000001 600028 600023 600018 600016 000725 600019 000063 600010 600015 600048 600000 000069 000166 600115 000625 600606 600050 600518 002024 600111 600061 600036 002736 001979 600637 300059 002415 300104 600585 600030 000776 000858 002594 002673 002739 002304 000333 600276 000002 002027 
300104 600519 002304 000002 000858 001979 600485 000333 600585 300059 600104 600637 002415 002252 000776 600030 000895 002024 600036 000625 600606 600276 600050 600000 002736 600019 000001 000069 600048 600023 600115 600016 600018 600028 000166 600010 600015 002673 600111 600061 000725 600518 000063 002594 600340 002739 002027 
002739 002594 300104 600276 000895 600340 000333 000002 600111 000725 600028 600048 002252 600010 600023 600019 600018 600606 600016 002415 000069 000063 000001 001979 600104 600637 600518 600036 600115 002304 600485 000166 000625 000858 600585 600000 002027 600050 600015 600030 002024 300059 600061 000776 002673 002736 600519 
600519 002304 300104 600276 002594 000858 000333 000002 000625 002673 600104 002027 600340 002252 600485 002415 002024 000895 600606 600115 600048 000166 600016 600018 000001 001979 600030 600036 000725 000069 600023 600028 600061 600637 600010 300059 000063 600019 600000 600015 600050 600518 600111 000776 600585 002736 002739 
300104 002739 002304 000002 600276 002415 002252 000895 300059 000776 002736 002027 001979 600637 000333 600115 002024 600036 600606 600050 000166 600485 600018 600104 600048 600016 600028 600023 000001 000069 000625 600015 600000 600010 600518 600030 600019 600111 002673 600061 000725 002594 600340 000063 000858 600585 600519 
600050 002673 002736 600010 600019 600585 000725 600048 600115 600030 600023 600018 600016 000166 001979 600028 000069 000001 600061 600518 600000 000002 000625 600606 600015 002024 600111 000776 600036 300059 002594 600485 002027 600637 000895 600340 002415 000858 600104 000333 002252 000063 002304 600276 300104 002739 600519 
600519 002304 300104 002739 002673 002594 002415 600340 600585 300059 600485 002736 000776 600030 002024 600061 600637 000625 000895 000858 000333 600104 002252 600050 000063 000166 600036 600518 000069 600115 000001 600019 600016 600276 600028 600023 600018 600010 600015 600111 600000 600048 001979 600606 000725 002027 000002 
600276 300104 000725 600010 600050 600606 600016 600018 600028 600023 000001 000166 000069 600048 600019 600111 002024 600115 600036 600000 002252 000625 000063 600015 000895 002736 002594 600485 000002 002415 001979 002673 300059 000858 600340 600637 600030 000333 600518 600104 000776 600585 002304 002027 002739 600061 600519 
600519 002739 000002 600276 000858 002594 002415 000333 600340 002024 002252 000725 600015 600023 600028 600000 600104 600036 001979 600115 000895 600016 000001 000069 600018 600048 600050 600010 600485 000625 002027 600637 002304 600606 600019 600518 000166 300104 600061 000063 600585 600111 002736 300059 600030 000776 002673 
600519 600276 000858 600104 000333 600340 002304 000002 000895 001979 600061 000063 002736 600111 000625 600518 600606 002024 000725 600010 600048 600000 000069 600028 600036 600016 002673 600485 600015 000001 600018 600023 000166 600637 002415 600030 002252 600585 002739 600019 600115 600050 000776 002594 300059 300104 002027 
002739 600104 002673 002252 002736 000776 600030 600585 600050 600019 600637 600111 000333 600115 600010 000625 600028 600015 300059 600023 600016 600000 000725 600518 000895 600018 000001 600061 600340 300104 000069 600606 002024 001979 600048 002027 002594 000063 000166 002415 600036 600276 600485 000858 002304 000002 600519 
600519 000063 002304 000858 000002 600585 002027 001979 300059 600340 600518 600485 300104 600606 600036 600019 000333 600048 000166 000069 600016 600111 002024 002736 600028 000001 600115 600030 600000 000625 002252 600015 600061 000725 600018 000895 600637 600010 600023 600104 002594 002415 000776 600050 002739 600276 002673 
600519 002739 300104 002027 600340 600485 002415 600637 001979 002736 300059 002252 000625 600061 600010 000725 600518 600048 600606 000001 600030 600019 600036 000776 600000 600028 600015 000895 600016 002594 600023 600276 000069 600018 600104 600111 000333 600115 002304 600585 000858 002024 002673 000063 000166 600050 000002 000651 
600519 002027 002673 002739 002304 000776 002594 600340 000063 600276 000651 600111 600061 002736 300104 600585 600030 000895 000166 300059 600115 000858 600518 600023 600018 002252 600637 000625 002024 600606 600050 000725 000001 600485 600028 600015 000069 600036 600010 600016 002415 600000 600019 600048 001979 000333 600104 000002 
300104 600519 000002 600518 600340 000895 002594 600104 002736 600111 600019 002673 600485 002252 000858 002415 600115 600010 300059 600050 600061 600606 002024 000069 600018 000725 600000 000776 600637 000001 600028 000166 000625 600016 600023 600048 002304 600015 600030 000063 600036 600585 000651 600276 002027 000333 001979 002739 
600519 002415 000895 600104 600518 000333 000002 001979 600585 000858 600023 002024 600606 002027 600036 600016 600018 600010 600000 000725 600340 000625 600050 600048 000069 002304 600061 600028 600115 000166 002594 600485 000001 600111 002739 002673 600019 600030 002252 000776 000063 600015 002736 600276 000651 600637 300104 300059 
002673 002027 300104 002739 300059 002736 600637 600276 600050 600061 600030 600111 000002 000063 002252 000166 600115 600019 600023 000725 600010 000776 600028 600518 600018 000625 600016 000001 000895 002024 002415 600585 000069 600485 600104 600000 600340 600048 600015 600036 000333 000858 600606 001979 002594 002304 000651 600519 
002739 002594 600340 000002 300104 002027 002024 300059 600036 600000 600015 000725 600018 600028 600061 600485 600016 600023 600606 002304 002415 600010 600115 600050 000001 002673 600637 600019 000166 600048 002252 000858 002736 600030 600111 600518 000069 600585 000063 000625 600276 000895 000776 000651 600104 000333 001979 600519 
002027 002594 002252 600111 600485 600519 000895 600606 600276 600637 600018 000069 600115 000333 000858 002024 600028 600023 600010 000166 002736 000725 600016 600030 000625 600518 600050 000776 600019 000001 002673 600061 600048 600000 002739 002304 300059 600585 600036 000002 002415 600015 000063 600340 600104 001979 300104 000651 
000002 600104 300104 600036 600340 002673 600276 600518 600585 600061 600015 001979 000063 000895 300059 000776 002739 600030 600048 002027 600606 002736 600016 600010 000001 000166 600028 600018 000625 600019 000725 600485 600115 600023 002024 000069 600050 600000 002252 600637 600111 002594 000858 002415 002304 000333 000651 600519 
600340 000063 600485 600111 000002 002027 600606 002252 600015 002736 000069 002024 600518 002594 001979 000166 000001 000776 600276 600010 000725 600000 600115 600585 600016 600061 600018 600028 600036 600023 600050 002673 600019 002739 300104 300059 600637 600030 002415 000625 000895 000858 600104 000333 002304 600519 
600519 000333 002304 000858 000895 600585 000625 002415 002027 600111 002673 002594 600015 600030 600036 600019 000776 600104 000166 600018 600048 600028 600000 002736 600023 000001 000069 000063 600637 600010 600061 300104 600115 600518 001979 000725 600606 600016 600485 002252 600340 002739 002024 600276 600050 300059 000002 
600016 600036 002739 002304 002252 002594 000002 600000 600637 000725 600276 600023 002024 300104 000166 000001 600518 600111 600030 300059 600018 000895 600010 002673 600115 600015 600028 600485 600061 000776 000858 002736 000625 002415 000069 600606 600340 600104 000333 600585 002027 600050 000063 001979 600048 600519 000651 
000651 000333 002304 001979 002739 300059 600104 002673 002594 000002 600637 600050 600030 000776 000858 600485 000063 600606 600061 600111 002736 002415 000625 002027 000895 002252 600585 600340 000069 000166 600015 600048 000001 600000 600018 600010 600115 600023 600016 600036 000725 600518 002024 600276 600028 600519 300104 
600519 000651 001979 002027 000333 000776 002594 002673 000002 000063 600048 300059 000895 002736 600030 000625 600061 600104 600585 000069 000166 000858 002739 600606 600028 002252 000725 000001 002024 600010 600050 600111 600340 002304 300104 600023 600018 600016 600518 600485 600276 600637 600015 600115 600036 600000 002415 
300104 002594 300059 002027 600048 600104 600061 600115 600015 600340 600585 600050 600637 000002 001979 002739 002673 000069 600023 600000 002736 600030 600028 600606 600485 600018 600036 000063 600010 000725 600016 000166 000895 000625 002252 000001 002415 600518 600111 000333 002024 000776 000651 000858 600276 002304 600519 
002415 000002 600000 000651 002594 600050 600016 600276 002304 600115 002736 600104 000001 600018 600028 600015 000776 600036 600023 000895 000725 000333 000069 002252 000858 600061 600606 600485 600585 600637 600010 600111 000166 300059 000063 600030 600048 600340 002739 002673 000625 002027 001979 002024 600518 600519 
002739 600276 300059 000002 002027 002673 002415 002736 001979 600061 600485 600340 600030 000895 600637 000776 600606 002024 600518 000069 000166 000063 600010 600023 600111 600048 600018 600028 000001 002594 000651 600115 000725 600000 002252 600036 600015 000625 600585 600019 000333 600016 600104 600050 002304 000858 600519 
002739 600518 600276 002594 002024 002027 600637 600340 600585 000858 000625 600115 000063 600104 600485 600050 000776 600010 600023 600018 600111 002673 000166 000725 002736 300059 600606 600519 600061 000069 000895 600016 000002 600030 002252 600048 600028 000001 600000 600015 002415 600019 002304 600036 001979 000651 000333 
600519 002739 002594 002304 000651 300059 000002 002673 000858 002415 002027 000333 001979 600485 000776 000063 000895 002736 002024 000625 600104 600637 600061 600606 600111 600030 600340 002252 000069 600048 000166 600050 600115 000001 000725 600023 600015 600010 600018 600518 600019 600585 600016 600028 600036 600000 600276 
002739 600276 000333 600036 600000 000895 600015 600340 000002 600048 300059 600637 000001 600016 600030 002736 600018 000725 600023 000776 600115 002673 600485 600010 001979 002415 000166 000063 002024 600028 600606 000069 000625 600104 600518 002027 600061 600111 000651 600585 600019 002252 600050 000858 002594 002304 600519 
002594 000858 000002 600519 002673 600104 000776 000333 600050 001979 600585 000625 600019 600111 000895 002027 000651 002415 002304 600518 600030 600115 600061 600637 000063 600606 002024 000166 600023 600010 600276 600018 600036 600340 000069 000001 600485 000725 300059 600000 002736 600048 600015 600028 002252 600016 002739 
600519 002304 600104 600585 600036 000333 600015 000651 600000 600518 000625 600340 600016 600276 000063 600028 600048 600019 002252 000001 000858 001979 600030 000895 600050 002736 600115 000776 000725 000069 600018 600637 600023 600010 000166 000002 002415 600606 600111 002739 600061 600485 300059 002673 002024 002027 002594 
600519 600340 600061 600019 002415 600016 600015 600111 600036 600115 600000 002736 000166 600030 000069 600023 600010 600048 000001 000725 600485 600018 600050 002673 600028 600518 002252 000625 000776 600637 000858 600276 600606 000002 000895 002024 002304 001979 600585 300059 000651 000063 600104 002739 002027 000333 002594 
600519 000002 002739 600340 000651 002594 002027 002415 600585 300059 000333 002024 000776 001979 002736 600104 600036 600000 600485 002673 600606 000625 600016 000001 600015 600048 000166 600023 600010 600018 600030 600028 002252 000725 600019 600050 000069 600518 000063 600061 600637 600115 600276 600111 000895 000858 002304 600663 
002739 600663 600276 002304 000002 000333 000858 002415 600000 600036 600637 600019 002024 000895 000651 600048 001979 600015 000625 000063 002736 000776 000001 600518 600111 600028 600115 600030 600010 000069 600016 600585 600606 600104 002594 600018 600023 000725 000166 300059 600485 002027 600061 600050 002673 002252 600340 600519 
600663 002304 600340 002027 000895 600016 002739 600036 000725 600018 600015 002415 600010 000069 600606 600000 000001 600061 600048 600019 002673 600637 600518 600104 600111 002024 300059 600485 001979 600028 600023 600030 002736 600585 000002 000333 000625 000651 600276 000776 000858 600050 002594 000063 002252 600115 600519 
600519 600276 600663 002304 002415 000858 300059 002673 600637 600000 600061 600111 600019 600036 002027 002252 002736 600015 600016 600048 000776 600518 600606 000895 600485 000001 600010 600030 000725 000333 000625 001979 002739 600018 600023 600340 000069 600028 000063 600585 002024 000002 600115 600050 600104 000651 002594 
600519 600485 002304 002594 000858 300059 002739 000651 000063 002673 001979 000002 600104 000895 000333 000625 600061 600585 000776 600340 600030 600015 600637 600111 600606 600518 002736 600036 000069 600048 000001 600023 600018 000725 002024 600016 600010 600276 600028 600019 600000 600663 600050 002027 600115 002415 002252 
002739 002027 600663 600340 002415 600606 600019 000895 600104 000858 000069 002594 600115 600016 600018 600111 600050 600637 600010 600023 000725 600585 600028 600015 000001 000625 002024 001979 600048 600000 600518 600030 300059 002736 600036 000776 000333 002304 002673 000002 600061 002252 600276 000063 000651 600519 
002594 002739 600050 002027 002252 600115 600104 300059 000625 002673 600000 600028 002304 002736 600030 000776 600016 600023 600018 600036 000001 600585 600010 000858 000725 600111 000333 600518 600019 600606 000069 600015 600048 000063 600061 002024 000895 600340 600637 001979 600276 002415 600663 000651 000002 600519 
600519 002739 600276 000858 001979 000063 600585 000333 000002 600663 000895 000776 002027 600061 002594 002736 002024 002673 600048 600111 600606 300059 600036 000625 600000 600016 600115 000069 000651 600015 000001 600010 600028 600637 600023 600518 000725 600030 600019 600018 600340 600050 600104 002252 002415 002304 
002252 000002 600340 600104 002673 600663 600050 600028 600036 300059 600111 000651 600030 600115 600585 000858 600637 001979 000333 600061 600018 600048 600000 000069 000625 000725 002736 600518 600023 600010 600016 000776 600606 000001 002027 600276 002739 002594 600019 600015 002024 000063 002304 002415 000895 600519 
000002 600050 600663 000651 002024 600115 000069 002739 300059 002736 600276 600111 600028 600010 600016 002415 000001 001979 002252 600606 600061 600048 600018 600023 002673 600019 000725 000625 000776 600036 600015 000063 600030 600000 000333 600585 600637 600340 000895 002594 002027 600518 600104 000858 002304 600519 000538 
